Cordonnées 				Energie	Flux de photons	Efficience YPF	UVA-BLEU :	BLEU élargi	BLEU strict	VERT	ROUGE CLAIR	ROUGE SOMBRE	RC/RS	PHI =	TETA =	ZETA =	RC	RS 
X	Y	Azimut	Elévation	300-1100 nm	400-700 nm	(yield photon flux)	350-500 nm	400-500 nm	445-455 nm	500-600 nm	600-700 nm	700-800 nm	600-700 /700-800 nm		(Sager et al. 1988)	655-665/725-735 nm	655-665 nm	725-735 nm
45	143	0	90	40.46	147.54	125.13	68.83	63.03	14.26	46.22	38.29	2.61	14.64	0.83	0.028	8.41	2.48	0.30
45	153	0	90	38.00	148.35	125.31	67.71	63.07	14.29	46.36	38.93	2.55	15.26	0.83	0.027	8.73	2.55	0.29
45	163	0	90	42.01	149.09	126.49	68.86	63.21	14.29	46.61	39.27	2.73	14.39	0.83	0.028	8.27	2.68	0.32
45	173	0	90	41.17	150.11	127.29	68.60	63.17	14.29	46.80	40.14	2.73	14.71	0.83	0.029	8.67	2.80	0.32
45	183	0	90	42.26	151.22	128.34	68.24	63.41	14.32	47.01	40.79	3.00	13.60	0.83	0.030	9.11	2.94	0.32
45	193	0	90	40.53	151.87	128.61	67.66	63.42	14.33	47.06	41.39	2.58	16.07	0.83	0.029	10.72	3.09	0.29
45	203	0	90	42.37	152.89	129.32	67.69	63.45	14.33	47.22	42.22	2.70	15.61	0.83	0.029	10.77	3.25	0.30
45	213	0	90	38.56	152.96	129.43	67.71	63.44	14.33	47.32	42.20	2.61	16.14	0.83	0.029	11.40	3.33	0.29
45	223	0	90	38.52	151.96	127.97	66.50	63.53	14.35	47.32	41.11	2.46	16.71	0.83	0.028	11.61	3.32	0.29
45	233	0	90	33.53	152.41	128.39	66.96	63.66	14.36	47.44	41.31	2.36	17.52	0.83	0.028	13.04	3.36	0.26
45	243	0	90	38.62	154.61	130.62	66.70	63.78	14.37	47.71	43.12	2.74	15.71	0.83	0.030	12.43	3.64	0.29
45	253	0	90	44.06	156.32	132.75	68.15	63.68	14.33	47.93	44.71	2.76	16.21	0.83	0.031	13.69	3.84	0.28
45	263	0	90	42.96	157.27	133.49	68.47	64.01	14.40	48.17	45.09	2.78	16.25	0.83	0.031	11.83	3.89	0.33
45	273	0	90	41.64	156.14	132.31	68.64	64.13	14.43	48.34	43.66	2.73	15.98	0.83	0.031	13.31	3.88	0.29
45	283	0	90	38.09	155.37	131.30	67.73	63.91	14.38	48.57	42.88	2.59	16.55	0.83	0.029	11.92	3.79	0.32
45	293	0	90	38.95	155.05	131.31	68.61	63.83	14.34	48.77	42.46	2.61	16.25	0.83	0.030	12.00	3.78	0.32
45	303	0	90	39.48	154.68	130.71	67.32	63.69	14.30	48.88	42.11	2.60	16.17	0.83	0.029	11.39	3.64	0.32
45	313	0	90	42.42	155.72	132.48	70.02	63.72	14.31	49.00	43.00	2.99	14.37	0.83	0.030	10.82	3.64	0.34
45	323	0	90	37.84	156.49	132.57	68.28	63.90	14.37	49.02	43.56	2.71	16.08	0.83	0.030	11.67	3.60	0.31
45	333	0	90	37.56	157.37	133.47	67.98	63.77	14.35	49.06	44.54	2.79	15.94	0.83	0.030	10.64	3.61	0.34
45	343	0	90	42.86	156.49	132.72	68.18	63.74	14.33	49.08	43.68	2.87	15.21	0.83	0.030	10.49	3.61	0.34
45	353	0	90	43.38	155.34	131.96	68.65	63.56	14.30	48.92	42.86	2.85	15.04	0.83	0.030	10.22	3.48	0.34
45	363	0	90	39.35	154.44	130.87	67.50	63.08	14.20	48.75	42.61	2.79	15.25	0.83	0.029	10.76	3.40	0.32
45	373	0	90	43.62	154.55	131.41	67.79	62.81	14.14	48.71	43.03	3.10	13.89	0.83	0.030	9.18	3.30	0.36
45	383	0	90	39.26	153.09	129.98	67.08	62.62	14.11	48.50	41.96	2.78	15.09	0.83	0.029	9.68	3.09	0.32
45	393	0	90	42.21	153.14	130.04	67.20	62.47	14.06	48.35	42.32	2.98	14.18	0.83	0.029	8.59	2.93	0.34
45	403	0	90	39.56	152.94	129.60	66.07	62.32	14.03	48.16	42.46	2.93	14.48	0.83	0.029	7.76	2.73	0.35
45	413	0	90	42.15	153.07	130.28	66.26	61.91	13.94	47.87	43.29	2.96	14.64	0.83	0.030	7.69	2.78	0.36
45	423	0	90	35.65	151.08	128.07	65.29	61.21	13.78	47.37	42.50	2.67	15.89	0.83	0.028	8.07	2.76	0.34
55	423	0	90	38.85	152.71	129.54	66.11	62.07	13.96	48.11	42.53	2.75	15.46	0.83	0.029	9.29	2.80	0.30
55	413	0	90	38.53	153.85	130.66	67.13	62.63	14.08	48.47	42.76	2.84	15.06	0.83	0.029	8.45	2.81	0.33
55	403	0	90	40.80	153.85	130.30	66.88	63.08	14.18	48.72	42.04	2.85	14.74	0.83	0.029	8.21	2.79	0.34
55	393	0	90	43.65	154.40	131.33	68.77	63.37	14.23	49.01	42.02	3.04	13.83	0.83	0.030	8.64	2.92	0.34
55	383	0	90	46.22	155.00	131.95	68.99	63.58	14.25	49.25	42.18	3.21	13.16	0.83	0.030	8.99	3.06	0.34
55	373	0	90	40.39	156.32	133.13	69.04	63.54	14.24	49.30	43.49	2.94	14.78	0.83	0.031	9.35	3.26	0.35
55	363	0	90	44.34	156.86	133.67	69.63	63.79	14.28	49.38	43.69	3.14	13.91	0.83	0.031	10.52	3.41	0.32
55	353	0	90	39.95	157.22	133.00	67.59	64.01	14.33	49.40	43.81	2.66	16.44	0.83	0.029	10.46	3.55	0.34
55	343	0	90	39.49	158.70	134.78	69.38	64.36	14.38	49.50	44.83	2.90	15.47	0.83	0.031	11.13	3.70	0.33
55	333	0	90	40.56	159.11	134.74	68.17	64.67	14.44	49.56	44.88	2.92	15.37	0.83	0.031	10.99	3.65	0.33
55	323	0	90	41.89	158.14	133.65	68.34	64.83	14.46	49.56	43.75	3.00	14.60	0.83	0.030	10.30	3.66	0.36
55	313	0	90	36.95	156.95	132.29	67.89	64.61	14.42	49.41	42.93	2.48	17.34	0.83	0.029	11.23	3.66	0.33
55	303	0	90	40.37	154.65	130.65	69.20	64.53	14.38	49.18	40.94	2.80	14.60	0.83	0.029	11.14	3.62	0.32
55	293	0	90	39.99	154.55	130.39	68.28	64.59	14.38	49.04	40.92	2.87	14.23	0.83	0.030	12.21	3.68	0.30
55	283	0	90	45.36	155.49	131.91	70.31	64.73	14.40	48.85	41.91	3.02	13.86	0.83	0.031	10.03	3.75	0.37
55	273	0	90	43.34	156.16	132.49	70.20	64.86	14.43	48.62	42.67	2.88	14.83	0.83	0.031	11.94	3.77	0.32
55	263	0	90	39.01	156.72	132.65	69.17	64.82	14.41	48.32	43.58	2.74	15.88	0.83	0.031	11.61	3.79	0.33
55	253	0	90	39.12	155.91	131.94	69.07	64.49	14.34	48.00	43.43	2.76	15.74	0.83	0.030	12.03	3.70	0.31
55	243	0	90	43.97	155.85	132.35	69.78	64.39	14.31	47.79	43.67	2.80	15.58	0.83	0.031	11.10	3.64	0.33
55	233	0	90	40.46	154.13	130.31	68.57	64.31	14.30	47.47	42.35	2.72	15.60	0.83	0.029	11.21	3.42	0.31
55	223	0	90	43.87	153.78	130.47	69.21	64.24	14.28	47.29	42.24	2.87	14.74	0.83	0.030	8.52	3.36	0.39
55	213	0	90	36.24	154.34	129.98	66.37	63.84	14.19	47.00	43.50	2.36	18.41	0.84	0.029	11.97	3.38	0.28
55	203	0	90	44.11	154.96	131.97	69.26	63.85	14.19	47.10	44.01	2.80	15.71	0.83	0.031	10.14	3.34	0.33
55	193	0	90	40.36	153.08	130.04	68.93	63.62	14.13	46.81	42.65	2.74	15.56	0.83	0.030	10.25	3.18	0.31
55	183	0	90	38.22	151.16	127.90	67.90	63.37	14.09	46.56	41.23	2.58	16.00	0.83	0.029	10.21	2.99	0.29
55	173	0	90	39.01	150.17	126.82	67.29	63.37	14.08	46.33	40.47	2.63	15.41	0.83	0.028	9.19	2.87	0.31
55	163	0	90	35.08	148.21	124.73	66.44	63.33	14.08	46.09	38.79	2.41	16.09	0.83	0.027	8.72	2.70	0.31
55	153	0	90	40.92	147.82	124.88	68.32	63.39	14.08	45.94	38.48	2.64	14.56	0.83	0.028	8.96	2.63	0.29
55	143	0	90	40.17	147.71	124.72	67.82	63.38	14.08	45.80	38.52	2.47	15.58	0.83	0.028	8.65	2.51	0.29
65	143	0	90	41.36	149.46	126.30	69.59	64.54	14.33	46.57	38.36	2.61	14.68	0.83	0.027	7.98	2.53	0.32
65	153	0	90	39.43	149.79	126.55	69.68	64.39	14.28	46.70	38.70	2.63	14.73	0.83	0.028	9.37	2.62	0.28
65	163	0	90	35.31	149.94	126.36	67.94	64.16	14.23	46.69	39.08	2.46	15.90	0.83	0.027	8.87	2.73	0.31
65	173	0	90	39.30	152.88	129.36	68.49	64.25	14.23	46.96	41.68	2.67	15.63	0.83	0.029	9.23	2.92	0.32
65	183	0	90	36.63	154.09	130.19	67.43	64.15	14.22	47.08	42.86	2.53	16.92	0.83	0.029	10.17	3.08	0.30
65	193	0	90	40.48	155.83	132.02	68.63	64.42	14.26	47.29	44.11	2.67	16.53	0.83	0.030	8.99	3.26	0.36
65	203	0	90	40.58	156.53	132.90	69.87	64.62	14.31	47.42	44.50	2.54	17.51	0.84	0.030	11.76	3.38	0.29
65	213	0	90	38.03	156.22	132.32	69.23	64.68	14.32	47.50	44.04	2.52	17.46	0.83	0.030	12.39	3.44	0.28
65	223	0	90	40.10	155.06	130.89	68.84	64.97	14.37	47.65	42.44	2.63	16.13	0.83	0.029	11.16	3.45	0.31
65	233	0	90	43.62	155.31	131.62	70.47	64.93	14.36	47.70	42.67	2.71	15.77	0.83	0.030	11.39	3.50	0.31
65	243	0	90	39.12	156.21	132.20	69.18	64.95	14.35	47.98	43.29	2.65	16.35	0.83	0.030	11.93	3.61	0.30
65	253	0	90	39.08	156.45	131.99	68.18	65.06	14.37	48.17	43.21	2.54	17.04	0.83	0.030	12.24	3.66	0.30
65	263	0	90	37.20	156.44	131.99	69.32	65.30	14.43	48.42	42.72	2.57	16.65	0.83	0.029	11.90	3.68	0.31
65	273	0	90	42.72	155.89	131.88	70.94	65.37	14.44	48.70	41.82	2.64	15.81	0.83	0.030	11.59	3.69	0.32
65	283	0	90	38.38	155.24	130.75	69.09	65.23	14.41	48.95	41.06	2.89	14.22	0.83	0.029	10.85	3.70	0.34
65	293	0	90	42.60	155.53	131.22	68.73	65.03	14.36	49.07	41.43	2.76	14.99	0.83	0.030	12.15	3.72	0.31
65	303	0	90	40.66	155.65	131.45	69.78	65.11	14.37	49.28	41.26	2.87	14.35	0.83	0.029	10.74	3.68	0.34
65	313	0	90	41.67	157.20	133.13	70.13	65.21	14.41	49.38	42.60	2.85	14.94	0.83	0.030	10.74	3.70	0.34
65	323	0	90	43.63	158.31	134.32	70.05	65.10	14.37	49.48	43.73	2.91	15.02	0.83	0.031	11.35	3.72	0.33
65	333	0	90	40.86	158.97	135.19	70.30	64.89	14.34	49.41	44.66	2.88	15.51	0.83	0.031	10.69	3.72	0.35
65	343	0	90	38.76	158.83	134.33	67.85	64.45	14.25	49.31	45.07	2.80	16.08	0.84	0.030	12.26	3.74	0.31
65	353	0	90	42.06	156.83	133.34	69.53	64.04	14.16	49.17	43.62	2.75	15.84	0.83	0.031	12.28	3.54	0.29
65	363	0	90	39.09	155.29	131.38	67.27	63.57	14.06	48.96	42.76	2.75	15.52	0.83	0.030	10.32	3.37	0.33
65	373	0	90	42.25	154.30	130.88	67.92	63.35	14.01	48.86	42.08	3.00	14.03	0.83	0.030	10.25	3.19	0.31
65	383	0	90	41.01	153.11	129.61	67.65	63.19	13.99	48.69	41.22	2.76	14.92	0.83	0.028	9.39	2.98	0.32
65	393	0	90	42.16	152.85	129.51	67.54	63.11	13.97	48.44	41.30	2.95	14.01	0.83	0.029	8.43	2.89	0.34
65	403	0	90	41.01	152.86	129.97	68.11	62.69	13.88	48.14	42.03	2.94	14.32	0.83	0.030	8.81	2.82	0.32
65	413	0	90	41.30	152.43	129.76	67.85	62.36	13.79	47.86	42.21	2.99	14.10	0.83	0.030	7.94	2.85	0.36
65	423	0	90	38.65	151.78	129.12	66.72	61.80	13.67	47.51	42.47	2.86	14.87	0.83	0.029	8.40	2.85	0.34
75	423	0	90	42.46	151.83	129.23	66.50	62.02	13.72	47.75	42.05	2.95	14.26	0.83	0.030	8.11	2.83	0.35
75	413	0	90	40.37	152.85	129.80	66.87	62.33	13.79	47.99	42.52	2.79	15.26	0.83	0.029	7.75	2.89	0.37
75	403	0	90	41.55	153.13	130.08	67.82	62.75	13.89	48.33	42.06	2.92	14.39	0.83	0.029	8.61	2.86	0.33
75	393	0	90	39.60	152.72	129.04	66.62	63.08	13.93	48.57	41.07	2.80	14.67	0.83	0.028	8.58	2.85	0.33
75	383	0	90	40.79	154.04	130.24	66.72	63.33	13.98	48.90	41.80	2.72	15.36	0.83	0.029	9.67	3.00	0.31
75	373	0	90	42.30	154.24	130.69	67.86	63.54	14.03	49.00	41.70	3.00	13.89	0.83	0.029	9.40	3.16	0.34
75	363	0	90	41.52	155.02	131.31	68.54	63.94	14.10	49.18	41.90	2.99	14.01	0.83	0.030	9.44	3.36	0.36
75	353	0	90	40.15	156.24	132.30	68.85	64.26	14.16	49.25	42.74	2.80	15.28	0.83	0.030	10.65	3.51	0.33
75	343	0	90	40.65	158.71	134.46	69.01	64.78	14.26	49.37	44.56	2.92	15.23	0.83	0.030	11.43	3.65	0.32
75	333	0	90	43.57	159.08	135.22	71.38	65.15	14.34	49.56	44.36	2.92	15.17	0.83	0.031	11.89	3.72	0.31
75	323	0	90	43.57	159.09	134.76	69.40	65.40	14.37	49.65	44.05	3.05	14.43	0.83	0.031	10.05	3.75	0.37
75	313	0	90	43.77	157.89	133.72	70.29	65.56	14.40	49.55	42.78	2.84	15.04	0.83	0.031	10.84	3.75	0.35
75	303	0	90	40.85	156.22	132.11	70.53	65.40	14.35	49.35	41.47	2.88	14.41	0.83	0.030	11.68	3.74	0.32
75	293	0	90	38.03	156.34	131.72	69.15	65.40	14.35	49.14	41.80	2.83	14.78	0.83	0.029	10.68	3.76	0.35
75	283	0	90	42.35	156.11	131.67	69.34	65.51	14.37	48.90	41.70	2.77	15.03	0.83	0.029	11.10	3.73	0.34
75	273	0	90	41.75	155.99	132.00	70.85	65.71	14.40	48.70	41.58	2.73	15.21	0.83	0.030	11.44	3.70	0.32
75	263	0	90	42.98	156.58	132.44	70.26	65.57	14.37	48.40	42.60	2.92	14.61	0.83	0.031	10.88	3.68	0.34
75	253	0	90	36.83	155.94	131.54	68.97	65.21	14.29	47.97	42.76	2.56	16.70	0.83	0.029	13.28	3.66	0.28
75	243	0	90	43.74	156.17	132.14	68.97	65.13	14.27	47.81	43.23	2.83	15.26	0.83	0.031	10.93	3.65	0.33
75	233	0	90	41.65	155.49	131.73	69.57	65.07	14.26	47.55	42.88	2.85	15.02	0.83	0.031	10.83	3.56	0.33
75	223	0	90	41.00	154.94	131.29	69.97	64.92	14.21	47.34	42.68	2.87	14.85	0.83	0.030	10.84	3.53	0.33
75	213	0	90	41.48	154.88	130.95	68.74	64.54	14.14	47.07	43.27	2.80	15.45	0.83	0.030	10.97	3.45	0.31
75	203	0	90	38.16	155.71	131.88	68.50	64.35	14.10	46.96	44.39	2.70	16.41	0.83	0.030	11.23	3.41	0.30
75	193	0	90	41.12	155.46	131.74	68.84	64.24	14.10	46.86	44.36	2.62	16.90	0.83	0.030	10.59	3.31	0.31
75	183	0	90	40.25	153.25	129.59	67.97	64.06	14.03	46.65	42.54	2.52	16.91	0.83	0.029	10.43	3.11	0.30
75	173	0	90	40.13	151.52	128.42	69.00	63.95	14.00	46.49	41.08	2.71	15.16	0.83	0.029	10.69	2.99	0.28
75	163	0	90	37.96	148.94	125.23	67.64	63.90	14.00	46.20	38.83	2.42	16.03	0.83	0.027	9.65	2.78	0.29
75	153	0	90	37.50	148.17	124.64	68.54	64.33	14.08	46.20	37.65	2.67	14.10	0.83	0.027	8.54	2.61	0.31
75	143	0	90	37.69	147.59	124.15	68.49	64.55	14.15	45.96	37.08	2.50	14.81	0.83	0.027	8.86	2.47	0.28
85	143	0	90	41.27	149.49	125.53	68.65	65.29	14.30	46.32	37.88	2.69	14.08	0.83	0.027	8.45	2.53	0.30
85	153	0	90	40.29	149.42	125.89	69.45	64.95	14.24	46.46	38.01	2.63	14.46	0.83	0.027	8.71	2.61	0.30
85	163	0	90	39.34	148.66	125.30	68.18	64.31	14.06	46.45	37.90	2.75	13.78	0.82	0.028	8.75	2.71	0.31
85	173	0	90	39.60	149.80	126.12	67.99	64.09	14.01	46.56	39.15	2.72	14.39	0.83	0.027	9.18	2.93	0.32
85	183	0	90	37.94	152.12	128.38	67.99	64.17	14.02	46.70	41.26	2.45	16.85	0.83	0.029	10.23	3.12	0.30
85	193	0	90	38.63	153.88	130.15	68.81	64.18	14.03	46.80	42.90	2.62	16.38	0.83	0.029	11.70	3.30	0.28
85	203	0	90	37.91	154.31	130.34	68.16	64.32	14.04	46.92	43.06	2.63	16.40	0.83	0.029	11.79	3.36	0.29
85	213	0	90	40.58	154.66	130.54	68.35	64.70	14.13	47.05	42.91	2.63	16.34	0.83	0.029	11.65	3.45	0.30
85	223	0	90	38.24	154.84	130.87	69.17	64.78	14.15	47.23	42.83	2.68	15.97	0.83	0.029	12.37	3.50	0.28
85	233	0	90	42.32	155.39	131.78	69.98	64.98	14.19	47.41	43.00	2.90	14.81	0.83	0.031	11.17	3.57	0.32
85	243	0	90	39.00	155.86	131.56	68.60	65.01	14.21	47.58	43.26	2.46	17.60	0.83	0.029	11.49	3.72	0.32
85	253	0	90	36.36	156.35	132.05	69.17	65.04	14.21	47.73	43.58	2.56	17.01	0.84	0.029	13.83	3.83	0.28
85	263	0	90	43.48	157.35	133.23	69.84	65.25	14.23	48.23	43.87	2.98	14.70	0.83	0.031	11.84	3.90	0.33
85	273	0	90	41.78	157.37	133.12	69.60	65.21	14.22	48.47	43.68	2.76	15.83	0.83	0.030	12.89	3.90	0.30
85	283	0	90	43.88	157.11	133.10	70.05	65.32	14.22	48.76	43.03	3.11	13.83	0.83	0.031	11.02	3.84	0.35
85	293	0	90	41.26	155.91	131.69	69.79	65.27	14.24	48.99	41.65	2.79	14.91	0.83	0.030	12.20	3.73	0.31
85	303	0	90	39.00	156.05	132.01	70.45	65.30	14.25	49.09	41.66	2.79	14.94	0.83	0.030	11.12	3.81	0.34
85	313	0	90	45.84	157.23	132.93	69.73	65.23	14.23	49.26	42.74	2.92	14.64	0.83	0.031	11.73	3.81	0.32
85	323	0	90	37.86	156.82	132.50	69.09	65.05	14.21	49.23	42.54	2.83	15.02	0.83	0.030	12.45	3.78	0.30
85	333	0	90	41.12	156.75	132.71	69.34	64.87	14.17	49.13	42.75	2.83	15.08	0.83	0.030	10.32	3.70	0.36
85	343	0	90	40.55	155.62	131.87	70.06	64.62	14.12	49.03	41.97	2.89	14.53	0.83	0.030	11.42	3.54	0.31
85	353	0	90	39.15	154.07	130.19	68.28	64.14	14.03	48.84	41.09	2.82	14.59	0.83	0.029	10.43	3.43	0.33
85	363	0	90	39.07	153.57	130.25	68.87	63.63	13.93	48.73	41.21	2.82	14.63	0.83	0.030	9.73	3.35	0.34
85	373	0	90	41.58	152.92	129.26	66.72	63.17	13.81	48.52	41.22	2.94	14.01	0.83	0.029	8.79	3.21	0.36
85	383	0	90	39.58	152.78	129.45	67.31	62.76	13.73	48.23	41.80	2.82	14.80	0.83	0.028	8.69	3.10	0.36
85	393	0	90	42.46	152.17	129.30	67.49	62.42	13.66	48.01	41.74	2.95	14.13	0.83	0.029	8.87	3.01	0.34
85	403	0	90	40.03	151.77	128.41	65.55	61.92	13.55	47.70	42.15	2.89	14.59	0.83	0.029	8.10	2.92	0.36
85	413	0	90	39.07	151.26	128.35	65.80	61.57	13.48	47.30	42.38	2.77	15.31	0.83	0.029	8.70	2.90	0.33
85	423	0	90	40.36	149.84	127.11	65.43	61.20	13.39	46.97	41.67	3.05	13.68	0.83	0.029	7.98	2.86	0.36
95	423	0	90	37.97	149.73	127.21	65.08	60.79	13.32	46.76	42.18	2.71	15.57	0.83	0.028	9.74	2.82	0.29
95	413	0	90	38.13	152.12	129.05	64.91	61.24	13.40	47.16	43.72	2.88	15.20	0.83	0.029	10.06	2.94	0.29
95	403	0	90	37.65	153.30	130.34	65.51	61.54	13.46	47.43	44.33	2.58	17.20	0.84	0.029	9.42	3.04	0.32
95	393	0	90	36.96	153.75	130.54	66.11	62.09	13.57	47.77	43.89	2.68	16.37	0.83	0.029	10.00	3.09	0.31
95	383	0	90	43.24	153.69	130.50	67.16	62.60	13.67	48.19	42.90	2.91	14.73	0.83	0.030	9.71	3.17	0.33
95	373	0	90	43.71	153.36	130.18	68.03	62.96	13.73	48.38	42.02	3.03	13.86	0.83	0.030	9.59	3.27	0.34
95	363	0	90	39.37	152.72	128.93	66.75	63.18	13.81	48.46	41.09	2.70	15.20	0.83	0.029	11.51	3.35	0.29
95	353	0	90	38.59	153.35	129.47	68.15	63.78	13.94	48.63	40.93	2.70	15.18	0.83	0.028	11.23	3.43	0.31
95	343	0	90	39.52	154.51	130.40	68.33	64.40	14.05	48.78	41.33	2.74	15.09	0.83	0.029	10.86	3.54	0.33
95	333	0	90	38.79	154.77	130.54	68.21	64.49	14.07	48.89	41.40	2.87	14.40	0.83	0.029	10.76	3.69	0.34
95	323	0	90	40.37	155.33	131.69	70.18	64.74	14.08	48.95	41.65	2.97	14.01	0.83	0.030	11.54	3.77	0.33
95	313	0	90	41.23	155.91	131.40	68.43	64.89	14.11	48.95	42.07	2.73	15.43	0.83	0.029	10.98	3.81	0.35
95	303	0	90	40.80	155.49	131.70	70.45	64.97	14.11	48.87	41.65	2.82	14.79	0.83	0.031	11.97	3.77	0.31
95	293	0	90	39.52	155.06	131.02	69.31	64.79	14.07	48.63	41.64	2.81	14.80	0.83	0.029	10.58	3.77	0.36
95	283	0	90	38.14	156.78	132.47	68.43	64.62	14.00	48.35	43.81	2.78	15.78	0.83	0.030	11.15	3.88	0.35
95	273	0	90	40.57	156.27	132.32	68.67	64.35	13.97	48.00	43.92	2.74	16.02	0.83	0.031	12.50	3.93	0.31
95	263	0	90	41.06	156.10	132.67	69.98	64.34	13.95	47.73	44.04	2.84	15.51	0.83	0.031	11.70	3.98	0.34
95	253	0	90	42.98	155.14	131.46	69.47	64.47	13.98	47.47	43.20	2.89	14.97	0.83	0.030	11.93	3.88	0.33
95	243	0	90	36.93	153.99	130.02	68.02	64.32	13.96	47.08	42.59	2.61	16.32	0.83	0.029	12.11	3.72	0.31
95	233	0	90	41.78	153.31	129.35	68.26	64.34	13.97	46.91	42.06	2.81	14.98	0.83	0.029	10.11	3.58	0.35
95	223	0	90	40.59	153.22	129.73	69.08	64.19	13.92	46.63	42.39	2.71	15.66	0.83	0.030	10.93	3.55	0.32
95	213	0	90	38.22	152.73	128.96	67.45	63.93	13.87	46.49	42.32	2.59	16.33	0.83	0.029	11.52	3.46	0.30
95	203	0	90	37.26	151.65	127.99	67.82	63.76	13.83	46.31	41.58	2.66	15.63	0.83	0.029	10.85	3.33	0.31
95	193	0	90	43.72	151.04	128.02	68.65	63.57	13.77	46.32	41.14	2.88	14.27	0.83	0.030	9.46	3.20	0.34
95	183	0	90	38.03	149.37	126.09	67.98	63.33	13.72	46.04	40.00	2.52	15.87	0.83	0.028	10.65	3.09	0.29
95	173	0	90	39.55	147.87	125.06	68.31	63.42	13.74	45.95	38.50	2.58	14.95	0.83	0.028	9.20	2.89	0.31
95	163	0	90	38.48	147.88	124.35	67.45	63.77	13.82	45.85	38.26	2.58	14.84	0.83	0.027	9.36	2.73	0.29
95	153	0	90	35.95	148.57	125.18	68.69	64.18	13.93	45.72	38.67	2.53	15.28	0.83	0.027	8.68	2.63	0.30
95	143	0	90	36.58	149.13	125.19	67.49	64.63	14.05	45.64	38.86	2.39	16.24	0.83	0.027	8.54	2.58	0.30
105	143	0	90	42.11	149.05	126.11	69.84	64.40	13.99	45.51	39.14	2.80	13.96	0.83	0.028	8.66	2.58	0.30
105	153	0	90	40.31	148.34	124.99	67.98	63.84	13.85	45.57	38.92	2.56	15.22	0.83	0.027	8.96	2.58	0.29
105	163	0	90	38.44	148.23	125.14	68.15	63.46	13.76	45.65	39.12	2.71	14.43	0.83	0.028	9.48	2.73	0.29
105	173	0	90	41.84	148.61	126.02	68.63	63.17	13.65	45.84	39.60	2.83	13.97	0.83	0.028	9.30	2.92	0.31
105	183	0	90	38.94	149.13	125.79	66.65	63.04	13.64	45.90	40.19	2.67	15.05	0.83	0.028	10.32	3.11	0.30
105	193	0	90	36.45	149.25	126.09	67.89	63.09	13.66	45.98	40.18	2.57	15.64	0.83	0.028	11.17	3.20	0.29
105	203	0	90	37.94	150.10	126.29	66.05	63.32	13.71	46.10	40.68	2.64	15.39	0.83	0.028	10.95	3.32	0.30
105	213	0	90	39.85	152.02	128.51	67.75	63.53	13.77	46.18	42.31	2.51	16.88	0.83	0.029	10.35	3.51	0.34
105	223	0	90	42.22	152.47	129.16	68.86	63.70	13.79	46.38	42.39	2.75	15.43	0.83	0.030	12.04	3.57	0.30
105	233	0	90	38.25	151.82	128.16	67.73	63.76	13.81	46.50	41.57	2.67	15.56	0.83	0.029	10.58	3.62	0.34
105	243	0	90	40.70	152.38	128.77	67.67	63.88	13.83	46.76	41.74	2.78	15.00	0.83	0.030	11.94	3.75	0.31
105	253	0	90	40.10	153.80	130.50	68.92	63.83	13.80	47.13	42.84	2.68	15.97	0.83	0.031	12.30	3.89	0.32
105	263	0	90	38.53	154.66	130.72	67.81	63.69	13.77	47.39	43.58	2.70	16.15	0.83	0.030	11.57	3.93	0.34
105	273	0	90	39.56	155.56	131.74	68.16	63.73	13.77	47.74	44.10	2.80	15.76	0.83	0.030	12.72	3.99	0.31
105	283	0	90	39.77	155.45	131.64	68.29	63.90	13.81	48.02	43.53	2.86	15.22	0.83	0.031	12.37	3.95	0.32
105	293	0	90	41.67	154.73	131.34	69.01	63.86	13.83	48.18	42.68	2.86	14.95	0.83	0.031	12.21	3.86	0.32
105	303	0	90	38.00	154.62	130.57	68.21	64.14	13.87	48.30	42.18	2.82	14.98	0.83	0.030	11.26	3.82	0.34
105	313	0	90	39.23	155.25	130.86	67.21	64.06	13.87	48.35	42.85	2.72	15.75	0.83	0.029	12.49	3.82	0.31
105	323	0	90	40.49	153.91	130.10	68.57	64.01	13.85	48.34	41.56	2.98	13.95	0.83	0.029	11.47	3.78	0.33
105	333	0	90	37.08	153.08	129.39	68.34	63.69	13.82	48.28	41.12	2.64	15.58	0.83	0.029	12.82	3.71	0.29
105	343	0	90	41.55	153.29	129.76	68.51	63.55	13.77	48.27	41.47	2.86	14.48	0.83	0.030	10.72	3.66	0.34
105	353	0	90	41.34	152.36	129.15	68.30	63.13	13.68	48.00	41.24	3.08	13.38	0.83	0.030	10.01	3.54	0.35
105	363	0	90	39.98	152.03	128.87	66.91	62.58	13.59	47.80	41.66	2.88	14.46	0.83	0.029	10.11	3.43	0.34
105	373	0	90	38.95	152.63	129.72	67.67	62.25	13.50	47.64	42.73	2.85	14.99	0.83	0.030	9.97	3.34	0.34
105	383	0	90	38.13	152.91	129.56	65.36	61.89	13.44	47.37	43.65	2.74	15.93	0.84	0.029	10.42	3.19	0.31
105	393	0	90	38.43	153.11	130.10	65.73	61.41	13.34	47.12	44.58	2.73	16.30	0.84	0.029	9.47	3.12	0.33
105	403	0	90	38.11	152.40	129.95	66.02	60.82	13.21	46.73	44.85	2.84	15.78	0.83	0.030	9.28	3.04	0.33
105	413	0	90	42.02	150.97	128.61	64.81	60.49	13.13	46.40	44.08	2.83	15.58	0.83	0.030	8.24	2.92	0.35
105	423	0	90	39.46	148.95	126.61	64.77	60.18	13.07	46.06	42.71	2.78	15.34	0.83	0.029	9.48	2.81	0.30
115	423	0	90	37.08	148.05	125.99	64.24	59.68	12.96	45.77	42.60	2.76	15.44	0.83	0.029	8.49	2.79	0.33
115	413	0	90	38.59	149.43	126.84	63.42	59.94	13.03	46.06	43.43	2.75	15.77	0.83	0.029	9.80	2.87	0.29
115	403	0	90	39.42	151.25	128.44	64.24	60.48	13.14	46.41	44.36	2.78	15.98	0.84	0.029	9.73	2.96	0.30
115	393	0	90	35.27	151.98	128.88	64.64	61.02	13.24	46.77	44.18	2.42	18.27	0.84	0.029	10.72	3.08	0.29
115	383	0	90	38.80	151.89	128.52	64.39	61.45	13.33	47.10	43.34	2.67	16.25	0.84	0.028	9.34	3.19	0.34
115	373	0	90	43.55	152.08	129.09	66.47	61.88	13.41	47.27	42.93	3.05	14.09	0.83	0.030	10.14	3.38	0.33
115	363	0	90	38.61	150.45	127.34	66.74	62.08	13.45	47.37	41.01	2.75	14.92	0.83	0.029	10.53	3.46	0.33
115	353	0	90	40.31	150.16	126.95	66.49	62.30	13.49	47.49	40.37	2.85	14.15	0.83	0.029	9.91	3.55	0.36
115	343	0	90	34.65	150.93	127.33	65.70	62.40	13.51	47.58	40.94	2.79	14.68	0.83	0.028	11.05	3.65	0.33
115	333	0	90	44.09	151.50	128.14	67.15	62.97	13.61	47.81	40.72	2.99	13.62	0.83	0.030	9.88	3.69	0.37
115	323	0	90	39.78	153.21	129.63	67.50	63.17	13.64	47.87	42.17	2.91	14.48	0.83	0.030	11.13	3.81	0.34
115	313	0	90	44.18	154.74	131.23	68.19	63.41	13.69	48.01	43.33	3.21	13.50	0.83	0.031	11.12	3.92	0.35
115	303	0	90	40.95	153.93	129.96	66.70	63.34	13.67	47.73	42.85	2.94	14.56	0.83	0.030	11.64	3.92	0.34
115	293	0	90	41.91	153.60	130.07	67.93	63.27	13.65	47.60	42.72	2.92	14.65	0.83	0.030	11.44	3.98	0.35
115	283	0	90	43.33	153.94	130.66	68.47	63.08	13.59	47.44	43.43	2.99	14.52	0.83	0.031	12.45	4.07	0.33
115	273	0	90	37.56	153.06	129.28	66.67	62.81	13.55	47.05	43.20	2.42	17.86	0.84	0.029	13.45	4.02	0.30
115	263	0	90	42.37	153.16	130.11	68.05	62.75	13.51	46.69	43.72	2.86	15.29	0.83	0.031	11.91	3.99	0.33
115	253	0	90	34.82	150.81	127.24	66.25	62.47	13.47	46.14	42.20	2.33	18.08	0.84	0.029	13.31	3.86	0.29
115	243	0	90	36.33	149.30	125.99	66.61	62.48	13.47	45.91	40.91	2.54	16.09	0.83	0.028	13.41	3.77	0.28
115	233	0	90	38.42	149.47	126.25	67.12	62.52	13.47	45.74	41.20	2.56	16.10	0.83	0.029	11.98	3.69	0.31
115	223	0	90	37.73	149.50	126.55	66.65	62.37	13.46	45.54	41.60	2.53	16.42	0.83	0.029	12.30	3.65	0.30
115	213	0	90	39.63	149.67	126.59	66.68	62.39	13.45	45.51	41.77	2.55	16.38	0.83	0.029	11.50	3.55	0.31
115	203	0	90	37.59	147.87	124.73	65.78	62.33	13.43	45.37	40.18	2.51	16.02	0.83	0.028	10.19	3.37	0.33
115	193	0	90	37.26	147.26	124.08	65.60	62.29	13.43	45.31	39.67	2.71	14.66	0.83	0.028	10.49	3.17	0.30
115	183	0	90	39.46	147.27	124.41	66.36	62.25	13.42	45.24	39.78	2.63	15.15	0.83	0.028	12.01	3.06	0.25
115	173	0	90	32.52	146.73	123.31	65.13	62.30	13.44	44.99	39.44	2.20	17.93	0.83	0.026	10.48	2.91	0.28
115	163	0	90	35.36	146.51	123.27	66.02	62.58	13.52	44.86	39.07	2.52	15.53	0.83	0.027	9.91	2.75	0.28
115	153	0	90	42.24	146.88	124.21	68.43	62.92	13.59	44.80	39.16	2.70	14.52	0.83	0.027	8.95	2.69	0.30
115	143	0	90	35.61	146.44	123.28	66.27	63.10	13.63	44.58	38.76	2.26	17.14	0.83	0.027	9.14	2.63	0.29
125	143	0	90	40.76	145.36	122.99	67.58	62.48	13.50	44.32	38.56	2.59	14.88	0.83	0.028	8.90	2.64	0.30
125	153	0	90	37.96	145.08	122.57	67.64	62.56	13.51	44.50	38.03	2.38	16.00	0.83	0.027	10.18	2.66	0.26
125	163	0	90	39.83	145.41	122.78	66.61	62.22	13.43	44.58	38.61	2.47	15.62	0.83	0.028	9.21	2.77	0.30
125	173	0	90	40.88	145.68	123.04	66.26	62.02	13.36	44.71	38.95	2.60	15.00	0.83	0.028	9.55	2.85	0.30
125	183	0	90	36.64	146.14	123.53	66.18	61.90	13.33	44.74	39.50	2.57	15.38	0.83	0.028	10.76	3.00	0.28
125	193	0	90	40.47	146.70	124.23	67.03	61.87	13.33	45.01	39.82	2.79	14.25	0.83	0.028	10.41	3.15	0.30
125	203	0	90	37.01	146.86	124.27	66.52	61.71	13.31	45.05	40.10	2.61	15.39	0.83	0.028	11.74	3.33	0.28
125	213	0	90	36.20	147.13	124.37	65.65	61.45	13.24	44.98	40.69	2.60	15.65	0.83	0.028	11.57	3.53	0.30
125	223	0	90	40.97	146.78	124.12	65.87	61.42	13.20	45.07	40.30	2.66	15.15	0.83	0.029	11.67	3.63	0.31
125	233	0	90	39.47	147.48	124.99	66.70	61.46	13.21	45.14	40.88	2.69	15.21	0.83	0.029	11.28	3.77	0.33
125	243	0	90	34.92	148.02	125.09	65.69	61.56	13.23	45.41	41.06	2.64	15.54	0.83	0.029	12.64	3.83	0.30
125	253	0	90	36.78	150.00	126.87	65.18	61.58	13.24	45.61	42.81	2.69	15.93	0.83	0.029	13.04	3.95	0.30
125	263	0	90	37.79	150.97	127.61	65.32	61.73	13.27	45.98	43.26	2.78	15.56	0.83	0.030	13.12	4.12	0.31
125	273	0	90	37.91	150.67	127.41	65.87	61.92	13.34	46.31	42.44	2.67	15.91	0.83	0.029	12.51	4.05	0.32
125	283	0	90	36.62	150.07	126.59	66.06	62.16	13.38	46.57	41.33	2.74	15.08	0.84	0.028	13.13	3.99	0.30
125	293	0	90	37.22	150.86	127.71	67.33	62.42	13.44	46.82	41.61	2.79	14.93	0.83	0.030	13.40	4.00	0.30
125	303	0	90	37.63	152.44	128.96	67.00	62.59	13.48	47.12	42.72	2.70	15.79	0.84	0.029	11.35	4.01	0.35
125	313	0	90	39.61	152.66	129.14	65.91	62.47	13.46	47.20	42.99	2.79	15.38	0.83	0.030	11.85	3.91	0.33
125	323	0	90	39.10	151.37	128.28	66.30	62.11	13.38	47.13	42.13	2.80	15.03	0.83	0.030	11.70	3.81	0.33
125	333	0	90	38.01	149.01	126.00	65.94	61.65	13.30	46.99	40.37	2.74	14.76	0.83	0.029	12.17	3.63	0.30
125	343	0	90	38.68	148.72	126.21	66.59	61.39	13.23	46.93	40.41	2.86	14.14	0.83	0.030	10.48	3.58	0.34
125	353	0	90	42.11	148.13	125.75	66.62	61.18	13.18	46.80	40.15	3.04	13.21	0.83	0.029	9.71	3.48	0.36
125	363	0	90	37.84	147.71	124.86	64.83	60.86	13.14	46.50	40.35	2.69	15.00	0.83	0.028	11.78	3.37	0.29
125	373	0	90	34.45	149.15	126.35	63.93	60.57	13.07	46.36	42.23	2.62	16.10	0.83	0.029	10.41	3.28	0.32
125	383	0	90	38.21	149.59	127.04	64.67	60.44	13.06	46.19	42.97	2.83	15.18	0.83	0.029	9.80	3.14	0.32
125	393	0	90	37.00	149.44	126.65	63.14	59.97	12.97	45.99	43.48	2.54	17.13	0.84	0.028	10.54	3.05	0.29
125	403	0	90	36.92	147.84	125.64	63.85	59.54	12.85	45.58	42.72	2.76	15.46	0.83	0.029	9.51	2.95	0.31
125	413	0	90	34.88	145.59	123.91	64.03	58.86	12.72	45.13	41.60	2.66	15.66	0.83	0.028	8.75	2.84	0.32
125	423	0	90	35.88	144.67	122.69	62.06	58.51	12.65	44.84	41.31	2.53	16.34	0.84	0.027	10.51	2.73	0.26
135	423	0	90	39.98	144.27	122.64	61.21	58.05	12.52	44.46	41.76	2.89	14.45	0.83	0.029	8.99	2.79	0.31
135	413	0	90	39.38	145.90	123.86	61.99	58.49	12.63	44.87	42.54	2.83	15.02	0.83	0.028	9.56	2.92	0.31
135	403	0	90	43.00	147.21	125.41	64.01	59.21	12.79	45.29	42.71	2.95	14.49	0.83	0.029	8.81	2.93	0.33
135	393	0	90	38.84	148.77	126.90	65.11	59.69	12.89	45.64	43.44	2.86	15.21	0.83	0.029	8.12	3.07	0.38
135	383	0	90	41.33	148.05	125.82	64.34	59.97	12.94	45.88	42.19	2.86	14.73	0.83	0.029	9.81	3.12	0.32
135	373	0	90	41.41	147.24	125.24	65.01	60.02	12.94	46.02	41.20	2.79	14.79	0.83	0.030	10.16	3.20	0.31
135	363	0	90	39.14	146.71	124.55	65.21	60.08	12.95	46.12	40.52	2.65	15.31	0.83	0.028	10.48	3.32	0.32
135	353	0	90	37.57	147.07	124.59	64.04	60.37	13.01	46.17	40.52	2.67	15.15	0.83	0.028	11.50	3.47	0.30
135	343	0	90	42.59	148.12	125.69	66.32	60.74	13.08	46.40	40.99	2.90	14.13	0.83	0.029	10.23	3.56	0.35
135	333	0	90	41.64	149.00	126.28	65.96	61.09	13.15	46.49	41.43	2.91	14.22	0.83	0.030	10.55	3.69	0.35
135	323	0	90	38.60	150.06	126.69	64.64	61.36	13.21	46.57	42.13	2.67	15.76	0.83	0.029	12.25	3.80	0.31
135	313	0	90	40.81	150.57	127.71	67.15	61.68	13.27	46.64	42.26	2.80	15.11	0.83	0.030	13.29	3.93	0.30
135	303	0	90	36.73	149.49	125.98	64.74	61.72	13.29	46.48	41.28	2.43	16.97	0.84	0.028	13.38	3.95	0.30
135	293	0	90	36.75	148.00	124.69	65.06	61.82	13.30	46.26	39.92	2.58	15.46	0.83	0.029	12.87	3.94	0.31
135	283	0	90	38.83	147.57	124.55	65.62	61.61	13.24	46.11	39.85	2.65	15.03	0.83	0.028	12.68	3.96	0.31
135	273	0	90	38.54	147.72	124.69	65.15	61.30	13.16	45.77	40.65	2.64	15.40	0.83	0.029	12.41	4.03	0.32
135	263	0	90	35.26	148.05	124.89	64.71	61.13	13.12	45.40	41.52	2.46	16.86	0.84	0.028	14.01	4.04	0.29
135	253	0	90	41.77	149.01	126.35	65.64	61.04	13.09	45.16	42.81	2.62	16.35	0.83	0.030	11.92	4.06	0.34
135	243	0	90	35.60	147.27	124.47	64.17	60.70	13.02	44.78	41.79	2.45	17.03	0.84	0.028	13.28	3.90	0.29
135	233	0	90	35.54	145.77	123.01	64.42	60.47	12.98	44.48	40.81	2.49	16.40	0.84	0.028	13.96	3.76	0.27
135	223	0	90	39.87	145.21	123.07	65.81	60.55	13.00	44.48	40.18	2.77	14.49	0.83	0.029	12.30	3.67	0.30
135	213	0	90	39.33	146.07	124.00	66.35	60.73	13.04	44.45	40.89	2.77	14.76	0.83	0.029	10.73	3.58	0.33
135	203	0	90	35.99	145.79	123.39	65.27	61.03	13.12	44.42	40.34	2.59	15.59	0.83	0.028	10.92	3.37	0.31
135	193	0	90	41.82	145.13	122.94	65.92	61.29	13.18	44.39	39.44	2.73	14.44	0.83	0.028	10.07	3.17	0.31
135	183	0	90	35.97	144.26	121.82	65.55	61.24	13.17	44.15	38.87	2.56	15.17	0.83	0.027	9.69	3.01	0.31
135	173	0	90	39.84	143.56	121.27	66.40	61.47	13.21	44.07	38.02	2.80	13.59	0.83	0.027	9.39	2.83	0.30
135	163	0	90	39.04	142.82	120.27	64.99	61.50	13.22	43.89	37.43	2.57	14.55	0.83	0.027	8.82	2.72	0.31
135	153	0	90	36.48	142.83	120.01	64.89	61.58	13.25	43.68	37.56	2.47	15.22	0.83	0.026	9.14	2.71	0.30
135	143	0	90	36.54	143.05	120.35	64.83	61.63	13.29	43.48	37.95	2.48	15.28	0.83	0.026	9.78	2.60	0.27
145	143	0	90	34.20	142.58	120.36	66.10	61.20	13.18	43.05	38.33	2.24	17.08	0.83	0.027	9.57	2.70	0.28
145	153	0	90	38.04	142.52	120.46	66.13	61.10	13.16	43.32	38.10	2.40	15.87	0.83	0.027	12.42	2.74	0.22
145	163	0	90	37.69	142.35	120.27	65.67	60.96	13.10	43.44	37.95	2.50	15.16	0.83	0.027	9.51	2.76	0.29
145	173	0	90	36.98	142.41	120.10	64.76	60.92	13.11	43.58	37.92	2.56	14.78	0.83	0.026	9.26	2.84	0.31
145	183	0	90	39.38	142.81	120.66	65.63	60.84	13.09	43.69	38.28	2.47	15.48	0.83	0.027	10.57	2.96	0.28
145	193	0	90	35.95	143.31	121.09	64.89	60.50	13.01	43.79	39.03	2.56	15.22	0.83	0.027	11.19	3.15	0.28
145	203	0	90	36.28	144.37	122.00	64.16	60.32	12.95	43.80	40.25	2.53	15.88	0.83	0.028	11.42	3.42	0.30
145	213	0	90	37.96	144.05	121.68	63.76	59.98	12.89	43.80	40.26	2.52	15.98	0.83	0.028	12.77	3.58	0.28
145	223	0	90	41.09	143.44	121.66	64.89	59.67	12.80	43.71	40.06	2.48	16.14	0.83	0.029	12.43	3.68	0.30
145	233	0	90	34.26	144.61	122.02	63.00	59.86	12.84	43.96	40.80	2.43	16.79	0.84	0.028	13.18	3.79	0.29
145	243	0	90	38.26	145.70	123.04	63.02	59.90	12.84	44.21	41.59	2.40	17.30	0.84	0.028	13.30	3.88	0.29
145	253	0	90	34.67	145.92	123.47	64.01	60.06	12.87	44.48	41.38	2.48	16.71	0.83	0.029	12.99	3.94	0.30
145	263	0	90	41.41	144.66	122.10	63.98	60.30	12.93	44.79	39.57	2.86	13.83	0.83	0.029	12.95	3.86	0.30
145	273	0	90	36.21	145.20	122.37	64.31	60.45	12.96	45.14	39.61	2.71	14.60	0.83	0.028	14.51	3.96	0.27
145	283	0	90	37.48	145.98	122.94	64.66	60.91	13.07	45.50	39.56	2.77	14.29	0.83	0.028	11.78	3.95	0.34
145	293	0	90	41.54	146.41	123.76	65.51	61.11	13.12	45.78	39.53	2.81	14.05	0.83	0.029	12.41	3.90	0.31
145	303	0	90	38.27	147.68	124.88	64.96	60.88	13.07	45.84	40.97	2.75	14.90	0.83	0.029	13.14	3.98	0.30
145	313	0	90	36.47	147.36	124.43	64.06	60.67	13.03	45.82	40.87	2.47	16.57	0.83	0.028	12.34	3.88	0.31
145	323	0	90	40.80	147.85	125.49	65.30	60.49	12.99	45.88	41.48	2.93	14.17	0.83	0.030	11.40	3.79	0.33
145	333	0	90	40.04	147.61	125.43	65.17	60.19	12.94	45.76	41.66	2.70	15.41	0.83	0.030	11.82	3.72	0.31
145	343	0	90	38.32	147.32	124.98	64.29	59.93	12.87	45.67	41.72	2.74	15.20	0.84	0.029	10.68	3.71	0.35
145	353	0	90	40.21	145.65	123.46	63.37	59.45	12.76	45.46	40.74	2.76	14.76	0.83	0.029	11.36	3.50	0.31
145	363	0	90	38.07	143.89	121.61	62.64	59.00	12.68	45.22	39.67	2.56	15.53	0.83	0.027	11.95	3.33	0.28
145	373	0	90	35.01	143.00	121.03	63.31	58.93	12.67	45.02	39.06	2.43	16.05	0.83	0.027	10.03	3.06	0.31
145	383	0	90	36.45	143.86	121.60	62.89	59.06	12.71	45.07	39.73	2.62	15.15	0.83	0.027	9.86	2.99	0.30
145	393	0	90	34.26	145.63	123.52	62.64	58.92	12.69	44.85	41.86	2.52	16.63	0.84	0.028	9.45	3.01	0.32
145	403	0	90	38.06	146.02	124.12	62.68	58.49	12.60	44.59	42.94	2.61	16.44	0.84	0.028	9.72	3.07	0.32
145	413	0	90	36.59	144.89	123.26	62.23	58.05	12.48	44.31	42.54	2.56	16.60	0.84	0.028	11.58	2.94	0.25
145	423	0	90	32.70	142.78	121.11	61.08	57.40	12.36	43.82	41.57	2.35	17.71	0.84	0.027	10.78	2.82	0.26
155	423	0	90	39.00	142.18	120.91	61.47	57.35	12.34	43.67	41.17	2.66	15.47	0.83	0.028	9.79	2.87	0.29
155	413	0	90	36.03	143.53	121.80	61.72	57.88	12.44	44.05	41.60	2.62	15.89	0.83	0.028	9.50	2.94	0.31
155	403	0	90	36.29	145.18	123.15	61.72	58.28	12.53	44.30	42.60	2.50	17.01	0.84	0.028	9.97	3.09	0.31
155	393	0	90	34.86	144.15	122.24	62.71	58.78	12.62	44.52	40.84	2.55	16.03	0.83	0.028	9.08	3.00	0.33
155	383	0	90	38.66	142.00	120.03	62.48	58.83	12.64	44.76	38.41	2.47	15.54	0.83	0.027	9.60	2.93	0.31
155	373	0	90	35.16	142.06	119.81	61.72	58.92	12.66	44.87	38.27	2.64	14.48	0.83	0.026	10.12	3.04	0.30
155	363	0	90	36.06	143.33	121.22	62.92	59.08	12.67	45.06	39.19	2.79	14.05	0.83	0.027	10.62	3.25	0.31
155	353	0	90	40.10	145.45	123.47	64.14	59.30	12.72	45.21	40.95	2.81	14.55	0.83	0.028	11.08	3.52	0.32
155	343	0	90	33.67	146.59	123.84	62.68	59.58	12.80	45.27	41.74	2.67	15.65	0.84	0.028	11.12	3.68	0.33
155	333	0	90	37.07	146.56	123.90	63.69	59.84	12.84	45.44	41.27	2.42	17.07	0.83	0.028	14.22	3.73	0.26
155	323	0	90	39.98	146.12	123.70	64.56	60.13	12.89	45.50	40.49	2.79	14.52	0.83	0.029	11.61	3.72	0.32
155	313	0	90	38.72	145.31	122.79	64.05	60.17	12.92	45.35	39.80	2.49	15.95	0.83	0.028	11.44	3.78	0.33
155	303	0	90	39.52	146.16	123.71	64.43	60.42	12.95	45.35	40.39	2.83	14.27	0.83	0.029	12.15	3.88	0.32
155	293	0	90	37.56	145.48	122.91	64.29	60.31	12.93	45.19	39.98	2.75	14.54	0.83	0.029	11.99	3.96	0.33
155	283	0	90	42.07	144.90	122.88	65.43	60.09	12.87	44.98	39.82	2.81	14.15	0.83	0.029	12.87	3.97	0.31
155	273	0	90	40.74	144.08	121.97	64.71	59.75	12.80	44.62	39.70	2.77	14.34	0.83	0.029	14.03	3.99	0.28
155	263	0	90	35.72	143.05	120.85	63.75	59.65	12.78	44.27	39.13	2.48	15.80	0.84	0.027	15.55	3.82	0.25
155	253	0	90	37.36	143.60	121.25	63.14	59.51	12.75	43.93	40.16	2.58	15.55	0.83	0.028	12.64	3.84	0.30
155	243	0	90	40.04	143.38	121.77	65.06	59.43	12.72	43.62	40.33	2.67	15.13	0.84	0.028	12.81	3.79	0.30
155	233	0	90	39.50	142.43	119.89	61.78	59.23	12.68	43.39	39.81	2.59	15.39	0.83	0.028	12.59	3.69	0.29
155	223	0	90	35.55	141.52	119.05	62.17	59.22	12.70	43.24	39.07	2.40	16.30	0.84	0.027	12.28	3.58	0.29
155	213	0	90	34.65	142.28	120.20	63.36	59.38	12.74	43.24	39.66	2.37	16.76	0.83	0.028	12.06	3.50	0.29
155	203	0	90	40.12	142.74	120.85	64.29	59.78	12.82	43.35	39.61	2.52	15.70	0.83	0.028	12.39	3.34	0.27
155	193	0	90	34.84	142.19	120.05	64.26	59.96	12.86	43.27	38.96	2.36	16.48	0.83	0.027	11.56	3.17	0.27
155	183	0	90	31.12	142.22	119.87	63.77	60.22	12.92	43.21	38.79	2.28	17.02	0.83	0.026	10.67	3.00	0.28
155	173	0	90	38.51	142.34	120.30	64.70	60.31	12.94	43.19	38.84	2.50	15.55	0.83	0.027	10.08	2.91	0.29
155	163	0	90	34.54	142.26	120.01	64.33	60.39	12.95	43.05	38.82	2.45	15.85	0.83	0.027	9.63	2.84	0.30
155	153	0	90	38.52	142.44	120.23	64.28	60.58	13.00	43.01	38.85	2.53	15.38	0.83	0.027	9.84	2.78	0.28
155	143	0	90	33.42	141.86	119.43	63.91	60.62	13.05	42.73	38.51	2.14	17.99	0.83	0.026	10.14	2.72	0.27
165	143	0	90	37.38	141.45	119.69	64.85	60.34	12.96	42.60	38.51	2.42	15.95	0.83	0.027	10.68	2.74	0.26
165	153	0	90	37.60	141.41	119.40	63.76	60.01	12.89	42.68	38.72	2.33	16.64	0.83	0.026	10.33	2.81	0.27
165	163	0	90	36.22	141.69	119.73	63.94	59.89	12.85	42.79	39.01	2.39	16.34	0.83	0.027	10.82	2.87	0.27
165	173	0	90	32.28	140.81	118.57	62.88	59.76	12.82	42.76	38.29	2.28	16.76	0.83	0.026	10.47	2.86	0.27
165	183	0	90	36.81	140.59	118.68	63.71	59.70	12.80	42.83	38.07	2.27	16.77	0.83	0.027	10.60	2.90	0.27
165	193	0	90	38.09	141.26	119.48	64.15	59.60	12.78	42.89	38.76	2.64	14.69	0.83	0.027	10.57	3.11	0.29
165	203	0	90	32.89	141.57	119.45	62.65	59.29	12.71	42.94	39.34	2.39	16.45	0.84	0.027	12.17	3.30	0.27
165	213	0	90	35.66	141.17	119.18	62.91	59.13	12.66	42.98	39.06	2.41	16.23	0.83	0.027	12.30	3.40	0.28
165	223	0	90	40.19	141.12	119.63	63.61	58.99	12.63	43.12	39.01	2.48	15.75	0.83	0.028	12.32	3.56	0.29
165	233	0	90	35.40	141.74	119.98	63.09	58.97	12.63	43.13	39.64	2.43	16.30	0.83	0.028	13.13	3.70	0.28
165	243	0	90	36.62	141.79	119.80	63.35	59.16	12.65	43.36	39.28	2.46	15.95	0.83	0.027	12.50	3.71	0.30
165	253	0	90	39.68	142.31	120.51	63.65	59.25	12.69	43.69	39.38	2.53	15.54	0.83	0.028	13.29	3.74	0.28
165	263	0	90	39.78	143.40	121.12	63.05	59.41	12.72	43.97	40.02	2.69	14.87	0.83	0.029	13.79	3.89	0.28
165	273	0	90	38.18	143.78	121.39	63.38	59.59	12.75	44.36	39.83	2.72	14.63	0.83	0.028	12.59	3.91	0.31
165	283	0	90	40.69	144.21	122.05	64.25	59.94	12.84	44.75	39.52	2.92	13.56	0.83	0.029	12.83	3.93	0.31
165	293	0	90	38.40	145.40	122.88	64.16	60.22	12.89	44.85	40.34	2.71	14.87	0.83	0.029	13.61	3.98	0.29
165	303	0	90	38.76	146.14	123.77	64.60	60.14	12.87	45.05	40.95	2.60	15.75	0.83	0.029	12.54	3.90	0.31
165	313	0	90	34.47	145.20	122.32	62.89	59.85	12.81	45.00	40.35	2.53	15.92	0.84	0.027	13.32	3.74	0.28
165	323	0	90	37.33	145.37	123.21	64.07	59.66	12.78	45.04	40.67	2.66	15.29	0.83	0.029	12.49	3.76	0.30
165	333	0	90	36.45	145.34	122.83	62.82	59.34	12.70	44.97	41.03	2.50	16.44	0.84	0.028	12.71	3.74	0.29
165	343	0	90	37.34	145.45	123.28	62.96	59.20	12.68	44.88	41.36	2.47	16.76	0.84	0.028	12.23	3.71	0.30
165	353	0	90	38.52	144.03	121.57	61.81	58.98	12.64	44.72	40.33	2.69	14.97	0.83	0.028	11.18	3.53	0.32
165	363	0	90	40.80	142.62	121.16	63.70	58.70	12.56	44.69	39.24	2.83	13.87	0.83	0.028	10.48	3.26	0.31
165	373	0	90	34.14	141.34	119.63	62.54	58.46	12.52	44.39	38.49	2.63	14.65	0.83	0.027	9.84	3.07	0.31
165	383	0	90	34.12	141.27	119.21	61.21	58.27	12.49	44.25	38.74	2.41	16.09	0.83	0.026	8.98	2.93	0.33
165	393	0	90	36.03	142.73	120.77	61.85	58.25	12.49	44.07	40.41	2.49	16.22	0.83	0.027	10.76	2.97	0.28
165	403	0	90	35.62	144.16	122.98	63.18	57.90	12.41	43.82	42.43	2.49	17.03	0.84	0.028	10.82	3.09	0.29
165	413	0	90	34.47	142.76	121.25	61.50	57.30	12.30	43.47	41.99	2.48	16.94	0.84	0.027	10.97	3.02	0.27
165	423	0	90	38.54	141.30	119.98	60.61	56.94	12.22	43.19	41.17	2.61	15.80	0.83	0.027	8.60	2.87	0.33
175	423	0	90	33.95	140.29	118.74	59.95	56.75	12.17	42.89	40.64	2.56	15.89	0.84	0.027	9.56	2.83	0.30
175	413	0	90	35.96	141.56	120.14	61.16	57.21	12.25	43.27	41.08	2.47	16.60	0.84	0.027	9.76	2.97	0.30
175	403	0	90	34.59	142.42	120.66	60.60	57.59	12.34	43.50	41.34	2.46	16.78	0.84	0.027	10.48	3.01	0.29
175	393	0	90	34.89	142.34	120.44	60.88	57.91	12.40	43.78	40.65	2.63	15.45	0.83	0.027	9.89	2.92	0.30
175	383	0	90	37.94	142.06	120.61	62.78	58.16	12.45	44.04	39.86	2.65	15.02	0.83	0.028	9.81	3.00	0.31
175	373	0	90	38.93	141.51	119.81	61.92	58.18	12.45	44.20	39.12	2.67	14.66	0.83	0.027	10.77	3.13	0.29
175	363	0	90	38.40	141.89	120.00	62.49	58.42	12.48	44.35	39.12	2.60	15.07	0.83	0.027	11.88	3.30	0.28
175	353	0	90	36.49	142.93	121.12	63.35	58.81	12.59	44.43	39.69	2.50	15.87	0.83	0.028	12.77	3.54	0.28
175	343	0	90	38.34	144.98	122.82	63.11	59.17	12.66	44.64	41.18	2.66	15.45	0.83	0.029	12.67	3.73	0.29
175	333	0	90	33.24	144.74	122.06	61.74	59.02	12.64	44.59	41.13	2.28	18.03	0.84	0.027	13.95	3.77	0.27
175	323	0	90	36.62	144.49	122.26	63.23	59.30	12.68	44.65	40.54	2.79	14.53	0.83	0.028	11.50	3.74	0.33
175	313	0	90	37.59	145.04	122.32	62.62	59.43	12.71	44.51	41.10	2.47	16.66	0.84	0.028	12.53	3.82	0.30
175	303	0	90	39.20	145.14	122.79	63.64	59.69	12.76	44.63	40.82	2.63	15.55	0.83	0.029	12.70	3.87	0.30
175	293	0	90	40.09	144.56	122.64	65.05	59.76	12.78	44.49	40.31	2.87	14.03	0.83	0.029	12.08	3.95	0.33
175	283	0	90	38.12	143.72	121.60	63.76	59.48	12.72	44.22	40.02	2.47	16.22	0.83	0.028	13.35	3.94	0.30
175	273	0	90	36.75	143.48	121.06	62.49	59.14	12.64	43.83	40.50	2.40	16.91	0.84	0.028	14.07	3.95	0.28
175	263	0	90	36.12	142.11	120.07	62.34	58.77	12.56	43.42	39.92	2.50	15.96	0.83	0.028	13.94	3.84	0.28
175	253	0	90	37.34	140.52	118.70	62.86	58.66	12.51	43.20	38.66	2.63	14.71	0.83	0.028	12.61	3.66	0.29
175	243	0	90	36.64	139.12	117.30	62.08	58.48	12.48	42.90	37.74	2.38	15.85	0.83	0.027	12.47	3.55	0.28
175	233	0	90	37.77	140.14	118.60	62.82	58.49	12.47	42.77	38.89	2.59	15.02	0.83	0.028	11.25	3.62	0.32
175	223	0	90	37.18	140.01	118.24	61.87	58.52	12.50	42.65	38.85	2.58	15.05	0.83	0.027	11.32	3.48	0.31
175	213	0	90	40.09	140.08	118.74	63.64	58.83	12.56	42.64	38.61	2.61	14.82	0.83	0.028	11.87	3.38	0.29
175	203	0	90	34.02	139.02	117.35	62.84	59.00	12.63	42.51	37.51	2.36	15.89	0.83	0.026	12.77	3.21	0.25
175	193	0	90	33.17	138.05	115.89	62.10	59.09	12.64	42.46	36.50	2.30	15.87	0.83	0.025	11.32	3.01	0.27
175	183	0	90	35.80	137.95	116.24	63.30	59.04	12.61	42.48	36.43	2.38	15.31	0.83	0.026	10.78	2.85	0.26
175	173	0	90	35.28	138.49	116.86	63.04	59.05	12.64	42.41	37.02	2.44	15.18	0.83	0.025	10.20	2.82	0.28
175	163	0	90	37.19	139.39	117.89	64.03	59.30	12.68	42.37	37.72	2.34	16.14	0.83	0.026	10.48	2.77	0.26
175	153	0	90	37.59	140.02	118.16	63.26	59.53	12.75	42.34	38.15	2.34	16.30	0.83	0.026	10.87	2.73	0.25
175	143	0	90	36.61	139.44	117.86	64.33	59.73	12.81	42.14	37.57	2.59	14.50	0.83	0.027	9.90	2.68	0.27
185	143	0	90	36.83	139.74	117.69	63.41	59.85	12.80	42.20	37.69	2.40	15.73	0.83	0.026	9.17	2.65	0.29
185	153	0	90	35.85	139.43	117.64	63.31	59.59	12.75	42.42	37.42	2.38	15.69	0.83	0.026	9.29	2.71	0.29
185	163	0	90	39.24	138.36	117.00	63.93	59.26	12.67	42.39	36.72	2.33	15.73	0.83	0.027	9.41	2.73	0.29
185	173	0	90	34.00	136.38	114.73	62.56	58.98	12.60	42.36	35.04	2.12	16.53	0.83	0.025	10.85	2.74	0.25
185	183	0	90	37.55	135.84	114.42	62.54	58.88	12.56	42.41	34.56	2.54	13.60	0.83	0.025	10.51	2.81	0.27
185	193	0	90	37.45	136.65	114.89	62.78	59.02	12.61	42.43	35.21	2.44	14.43	0.83	0.026	11.34	2.96	0.26
185	203	0	90	40.57	138.04	116.67	63.96	59.22	12.63	42.66	36.16	2.58	14.01	0.83	0.027	10.81	3.15	0.29
185	213	0	90	38.14	138.84	117.20	63.67	59.08	12.60	42.60	37.16	2.55	14.55	0.83	0.026	13.72	3.33	0.24
185	223	0	90	32.39	139.41	117.71	62.68	58.73	12.52	42.58	38.11	2.37	16.05	0.83	0.027	12.12	3.40	0.28
185	233	0	90	36.31	139.57	117.92	62.88	58.59	12.48	42.72	38.26	2.60	14.71	0.83	0.027	11.22	3.47	0.31
185	243	0	90	31.29	139.37	117.35	61.43	58.61	12.48	42.94	37.82	2.47	15.28	0.83	0.027	12.99	3.55	0.27
185	253	0	90	36.10	139.55	117.59	62.02	58.64	12.51	43.17	37.74	2.46	15.31	0.83	0.027	11.56	3.58	0.31
185	263	0	90	42.75	141.39	119.68	63.22	58.90	12.56	43.49	39.00	2.54	15.35	0.83	0.028	13.18	3.74	0.28
185	273	0	90	36.09	143.39	121.23	63.23	59.27	12.65	43.80	40.31	2.58	15.63	0.84	0.027	13.00	3.87	0.30
185	283	0	90	41.34	144.03	122.22	64.50	59.64	12.75	44.19	40.20	2.75	14.64	0.83	0.029	12.38	3.90	0.31
185	293	0	90	34.81	143.90	121.45	63.17	59.80	12.79	44.29	39.81	2.51	15.84	0.83	0.028	13.18	3.94	0.30
185	303	0	90	36.64	144.31	121.71	63.12	59.83	12.78	44.47	40.01	2.49	16.09	0.83	0.028	11.95	3.80	0.32
185	313	0	90	36.09	144.44	122.32	64.76	59.62	12.74	44.46	40.37	2.49	16.19	0.84	0.028	12.63	3.78	0.30
185	323	0	90	36.89	144.62	122.66	64.51	59.54	12.72	44.63	40.45	2.60	15.54	0.83	0.029	11.84	3.79	0.32
185	333	0	90	35.18	144.12	121.47	61.92	59.31	12.69	44.47	40.33	2.40	16.81	0.84	0.028	13.37	3.78	0.28
185	343	0	90	39.45	144.49	122.09	62.49	59.39	12.69	44.59	40.51	2.64	15.35	0.83	0.028	12.06	3.74	0.31
185	353	0	90	38.34	143.99	121.82	62.64	59.05	12.61	44.44	40.50	2.71	14.97	0.83	0.028	10.91	3.67	0.34
185	363	0	90	38.36	142.94	120.71	61.70	58.68	12.52	44.23	40.04	2.65	15.13	0.83	0.027	12.59	3.48	0.28
185	373	0	90	35.85	141.72	119.82	61.25	58.26	12.41	44.07	39.39	2.54	15.48	0.83	0.027	10.59	3.17	0.30
185	383	0	90	38.16	140.95	119.46	62.08	57.98	12.38	43.84	39.13	2.60	15.06	0.83	0.027	10.09	2.99	0.30
185	393	0	90	31.61	140.31	118.65	61.21	57.79	12.34	43.60	38.93	2.36	16.51	0.83	0.026	10.45	2.88	0.28
185	403	0	90	36.10	140.14	118.98	62.13	57.49	12.30	43.33	39.32	2.63	14.97	0.83	0.027	8.65	2.86	0.33
185	413	0	90	34.79	139.38	118.08	61.04	57.24	12.23	43.03	39.11	2.58	15.17	0.83	0.027	9.35	2.82	0.30
185	423	0	90	34.32	137.70	116.61	60.26	56.67	12.12	42.58	38.45	2.62	14.70	0.83	0.026	8.73	2.71	0.31
195	423	0	90	35.37	136.88	115.92	60.42	56.72	12.11	42.45	37.71	2.49	15.16	0.83	0.026	9.48	2.64	0.28
195	413	0	90	34.56	138.02	116.79	61.25	57.08	12.20	42.71	38.23	2.54	15.02	0.83	0.026	9.00	2.79	0.31
195	403	0	90	39.06	138.32	117.22	61.62	57.41	12.27	43.06	37.85	2.66	14.23	0.83	0.027	8.95	2.80	0.31
195	393	0	90	32.32	138.47	116.84	60.76	57.65	12.31	43.29	37.53	2.38	15.74	0.83	0.026	9.44	2.86	0.30
195	383	0	90	37.79	139.83	118.24	62.08	58.03	12.36	43.60	38.21	2.45	15.58	0.83	0.026	9.51	2.99	0.31
195	373	0	90	38.45	141.75	120.17	62.78	58.32	12.42	43.94	39.49	2.54	15.52	0.83	0.027	11.85	3.31	0.28
195	363	0	90	40.72	143.20	121.61	63.61	58.70	12.52	44.18	40.31	2.56	15.76	0.83	0.028	10.98	3.51	0.32
195	353	0	90	35.39	143.83	121.62	63.53	59.24	12.65	44.30	40.29	2.49	16.18	0.83	0.028	11.91	3.64	0.31
195	343	0	90	37.86	144.02	121.88	64.19	59.61	12.74	44.40	40.01	2.48	16.16	0.83	0.028	13.59	3.73	0.27
195	333	0	90	37.75	143.44	121.04	63.39	59.58	12.72	44.39	39.48	2.48	15.90	0.83	0.028	11.91	3.72	0.31
195	323	0	90	37.14	143.92	121.54	63.72	59.63	12.72	44.49	39.79	2.74	14.52	0.83	0.028	10.35	3.75	0.36
195	313	0	90	39.98	144.48	122.17	63.42	59.79	12.75	44.41	40.29	2.65	15.22	0.83	0.028	13.80	3.73	0.27
195	303	0	90	34.61	144.13	121.40	62.61	59.76	12.76	44.31	40.06	2.40	16.71	0.84	0.027	12.99	3.78	0.29
195	293	0	90	33.87	144.76	122.56	64.26	59.83	12.75	44.26	40.67	2.72	14.93	0.83	0.029	12.31	3.90	0.32
195	283	0	90	41.44	145.18	123.43	65.22	59.63	12.73	44.06	41.49	2.82	14.70	0.83	0.030	12.59	3.94	0.31
195	273	0	90	41.57	143.27	121.28	62.92	59.26	12.63	43.72	40.29	2.55	15.78	0.83	0.029	12.35	3.82	0.31
195	263	0	90	38.05	139.37	117.27	61.99	58.73	12.51	43.17	37.46	2.69	13.95	0.83	0.027	12.44	3.57	0.29
195	253	0	90	37.42	137.55	115.76	61.79	58.37	12.43	42.81	36.37	2.62	13.88	0.83	0.026	11.72	3.41	0.29
195	243	0	90	35.02	138.53	116.95	62.50	58.44	12.43	42.64	37.46	2.42	15.49	0.83	0.027	12.29	3.47	0.28
195	233	0	90	39.03	138.42	117.13	62.52	58.31	12.40	42.43	37.68	2.47	15.26	0.83	0.027	13.05	3.43	0.26
195	223	0	90	31.62	137.32	115.38	61.47	58.41	12.42	42.20	36.72	2.30	15.99	0.83	0.026	11.60	3.31	0.29
195	213	0	90	35.63	137.54	116.29	63.56	58.78	12.53	42.32	36.44	2.26	16.09	0.83	0.026	10.87	3.22	0.30
195	203	0	90	34.87	136.15	114.55	62.57	58.95	12.56	42.32	34.88	2.30	15.17	0.83	0.026	11.05	3.04	0.27
195	193	0	90	36.98	135.98	114.45	63.30	59.04	12.56	42.28	34.67	2.47	14.01	0.83	0.025	10.80	2.94	0.27
195	183	0	90	36.86	135.85	114.60	63.78	59.01	12.57	42.25	34.59	2.66	12.99	0.82	0.026	10.34	2.78	0.27
195	173	0	90	37.78	136.04	114.67	63.39	59.01	12.58	42.22	34.81	2.40	14.51	0.83	0.026	9.40	2.71	0.29
195	163	0	90	36.85	137.94	116.23	62.74	59.27	12.64	42.27	36.40	2.58	14.08	0.83	0.026	9.31	2.75	0.30
195	153	0	90	37.85	138.75	117.09	63.75	59.56	12.72	42.18	37.01	2.48	14.91	0.83	0.026	8.45	2.71	0.32
195	143	0	90	35.65	139.51	117.51	62.84	59.81	12.79	42.02	37.68	2.25	16.72	0.83	0.025	9.05	2.65	0.29
205	143	0	90	38.22	140.27	118.83	65.11	60.15	12.85	42.24	37.87	2.39	15.81	0.83	0.027	9.98	2.60	0.26
205	153	0	90	39.93	139.71	117.98	64.10	59.99	12.79	42.35	37.37	2.52	14.83	0.83	0.027	9.81	2.73	0.28
205	163	0	90	35.12	139.12	117.34	64.14	59.59	12.71	42.33	37.20	2.37	15.73	0.83	0.025	11.63	2.80	0.24
205	173	0	90	38.75	138.48	117.48	64.83	59.41	12.66	42.47	36.60	2.70	13.54	0.83	0.028	9.20	2.81	0.31
205	183	0	90	37.03	138.04	116.67	64.36	59.32	12.63	42.33	36.39	2.34	15.53	0.83	0.026	10.75	2.95	0.27
205	193	0	90	35.81	137.92	116.16	62.97	59.15	12.59	42.36	36.41	2.48	14.65	0.83	0.026	10.79	3.07	0.28
205	203	0	90	34.05	137.17	115.57	62.98	59.01	12.55	42.32	35.84	2.45	14.66	0.83	0.026	11.73	3.13	0.27
205	213	0	90	37.30	137.49	115.91	62.81	58.72	12.48	42.35	36.43	2.56	14.22	0.83	0.027	11.62	3.27	0.28
205	223	0	90	34.73	137.68	115.96	62.05	58.59	12.47	42.34	36.75	2.50	14.72	0.83	0.026	11.44	3.24	0.28
205	233	0	90	32.10	137.93	116.26	62.54	58.60	12.45	42.43	36.90	2.36	15.65	0.83	0.026	12.99	3.36	0.26
205	243	0	90	38.55	137.93	116.25	62.63	58.80	12.48	42.73	36.40	2.51	14.52	0.83	0.026	11.84	3.33	0.28
205	253	0	90	35.90	137.35	115.70	62.79	58.90	12.52	43.00	35.45	2.49	14.25	0.83	0.026	11.91	3.30	0.28
205	263	0	90	32.41	139.15	117.06	62.62	59.09	12.59	43.33	36.74	2.29	16.08	0.83	0.026	12.79	3.50	0.27
205	273	0	90	37.91	142.59	120.48	63.74	59.61	12.69	43.71	39.27	2.53	15.50	0.83	0.027	13.65	3.74	0.27
205	283	0	90	35.33	144.89	122.15	62.74	59.98	12.77	44.08	40.83	2.57	15.86	0.83	0.028	12.22	3.83	0.31
205	293	0	90	35.63	145.63	123.26	64.55	60.16	12.82	44.41	41.07	2.35	17.48	0.84	0.028	14.02	3.82	0.27
205	303	0	90	33.86	145.16	122.25	63.10	60.32	12.87	44.51	40.34	2.26	17.84	0.84	0.028	13.07	3.75	0.29
205	313	0	90	37.62	145.32	122.76	64.33	60.34	12.85	44.66	40.33	2.43	16.63	0.83	0.028	13.10	3.67	0.28
205	323	0	90	35.62	144.31	121.82	64.38	60.21	12.85	44.59	39.52	2.54	15.54	0.83	0.028	11.55	3.65	0.32
205	333	0	90	38.94	143.84	121.48	64.19	60.12	12.82	44.59	39.13	2.58	15.19	0.83	0.028	11.44	3.62	0.32
205	343	0	90	39.31	144.47	122.44	64.59	60.07	12.80	44.56	39.84	2.86	13.93	0.83	0.029	10.84	3.62	0.33
205	353	0	90	36.52	143.64	121.72	64.38	59.59	12.70	44.36	39.70	2.65	14.98	0.83	0.028	13.59	3.51	0.26
205	363	0	90	35.02	141.95	119.90	62.92	59.02	12.57	44.15	38.78	2.57	15.10	0.83	0.026	11.49	3.41	0.30
205	373	0	90	38.27	140.66	119.01	63.22	58.76	12.52	43.94	37.96	2.53	14.98	0.83	0.027	10.13	3.25	0.32
205	383	0	90	34.62	140.06	118.37	62.67	58.41	12.45	43.65	38.00	2.35	16.17	0.83	0.026	10.48	3.09	0.29
205	393	0	90	37.74	139.27	118.00	62.31	58.20	12.39	43.50	37.57	2.56	14.68	0.83	0.027	9.72	2.93	0.30
205	403	0	90	36.60	138.82	117.80	62.79	57.93	12.34	43.20	37.69	2.56	14.75	0.83	0.027	10.27	2.80	0.27
205	413	0	90	31.56	138.80	117.19	60.60	57.47	12.26	42.91	38.42	2.35	16.36	0.84	0.025	10.37	2.81	0.27
205	423	0	90	34.33	137.82	116.49	60.87	57.21	12.19	42.78	37.82	2.49	15.18	0.83	0.026	9.92	2.69	0.27
215	423	0	90	31.98	138.75	116.90	60.50	57.84	12.32	42.82	38.09	2.25	16.93	0.83	0.025	9.71	2.72	0.28
215	413	0	90	33.39	139.72	118.26	62.49	58.19	12.40	43.14	38.39	2.58	14.85	0.83	0.027	9.63	2.84	0.29
215	403	0	90	37.88	139.09	117.29	61.99	58.47	12.46	43.35	37.26	2.51	14.86	0.83	0.026	9.70	2.80	0.29
215	393	0	90	37.93	139.35	118.06	64.07	58.89	12.54	43.63	36.83	2.69	13.70	0.83	0.027	9.51	2.95	0.31
215	383	0	90	36.42	139.49	117.61	62.49	58.94	12.55	43.72	36.83	2.33	15.81	0.83	0.026	11.27	3.07	0.27
215	373	0	90	38.29	140.62	118.69	63.32	59.22	12.59	44.01	37.39	2.62	14.27	0.83	0.027	10.14	3.25	0.32
215	363	0	90	35.48	141.49	119.49	63.92	59.52	12.66	44.24	37.74	2.45	15.41	0.83	0.026	11.09	3.34	0.30
215	353	0	90	37.32	143.75	121.41	63.41	59.96	12.75	44.51	39.28	2.70	14.53	0.83	0.028	12.44	3.48	0.28
215	343	0	90	37.17	144.76	122.18	63.69	60.32	12.84	44.58	39.86	2.56	15.56	0.83	0.028	12.63	3.56	0.28
215	333	0	90	39.20	144.72	122.21	64.49	60.64	12.90	44.62	39.46	2.61	15.14	0.83	0.028	11.53	3.59	0.31
215	323	0	90	33.39	145.00	122.27	64.17	60.47	12.88	44.65	39.88	2.43	16.44	0.83	0.027	12.85	3.58	0.28
215	313	0	90	35.45	144.65	121.96	63.82	60.47	12.88	44.55	39.64	2.49	15.91	0.83	0.027	11.17	3.51	0.31
215	303	0	90	37.79	145.00	122.46	64.72	60.65	12.89	44.64	39.71	2.62	15.14	0.83	0.028	12.27	3.62	0.30
215	293	0	90	39.60	144.92	122.65	65.32	60.69	12.91	44.49	39.74	2.68	14.81	0.83	0.029	11.92	3.71	0.31
215	283	0	90	40.56	143.72	121.55	65.71	60.80	12.93	44.28	38.64	2.70	14.31	0.83	0.028	12.08	3.59	0.30
215	273	0	90	38.40	142.10	120.20	65.66	60.39	12.84	44.01	37.70	2.65	14.22	0.83	0.027	11.05	3.55	0.32
215	263	0	90	36.49	139.23	116.76	63.16	59.93	12.73	43.59	35.72	2.54	14.05	0.83	0.026	11.07	3.37	0.30
215	253	0	90	35.93	139.26	117.02	62.83	59.62	12.66	43.27	36.37	2.45	14.83	0.83	0.026	11.13	3.29	0.30
215	243	0	90	35.66	139.04	116.81	62.59	59.43	12.61	42.86	36.75	2.19	16.77	0.83	0.025	11.50	3.29	0.29
215	233	0	90	36.98	138.87	117.20	63.93	59.25	12.56	42.72	36.90	2.55	14.44	0.83	0.027	10.97	3.26	0.30
215	223	0	90	35.89	138.73	117.45	64.24	59.14	12.54	42.61	36.98	2.55	14.51	0.83	0.027	12.20	3.24	0.27
215	213	0	90	38.29	138.62	117.12	63.76	59.17	12.54	42.49	36.96	2.53	14.60	0.83	0.027	10.84	3.22	0.30
215	203	0	90	35.58	139.07	116.93	62.36	59.28	12.59	42.40	37.38	2.44	15.33	0.83	0.026	11.61	3.19	0.27
215	193	0	90	39.13	141.62	119.50	63.45	59.60	12.67	42.54	39.47	2.38	16.58	0.83	0.027	11.29	3.18	0.28
215	183	0	90	38.87	141.65	119.72	63.84	59.94	12.76	42.64	39.07	2.67	14.65	0.83	0.028	9.84	3.03	0.31
215	173	0	90	40.22	141.53	119.49	63.59	60.08	12.77	42.70	38.75	2.48	15.63	0.83	0.028	10.14	2.91	0.29
215	163	0	90	36.66	142.08	120.18	64.54	60.25	12.83	42.68	39.15	2.39	16.36	0.83	0.027	11.12	2.88	0.26
215	153	0	90	43.42	142.01	120.64	66.09	60.54	12.89	42.70	38.77	2.65	14.64	0.83	0.028	9.03	2.71	0.30
215	143	0	90	36.67	141.59	119.32	64.55	60.71	12.96	42.47	38.41	2.43	15.83	0.83	0.026	9.31	2.60	0.28
225	143	0	90	32.90	143.29	120.70	64.54	61.17	13.04	42.73	39.38	2.32	16.97	0.83	0.027	10.97	2.68	0.24
225	153	0	90	39.82	145.17	123.05	65.76	61.17	13.02	42.91	41.08	2.54	16.16	0.83	0.027	9.85	2.80	0.28
225	163	0	90	43.88	146.10	124.28	66.31	61.12	12.99	43.08	41.90	2.65	15.81	0.83	0.029	9.62	2.93	0.31
225	173	0	90	38.47	144.47	121.92	64.20	60.88	12.94	42.95	40.64	2.37	17.16	0.83	0.028	11.01	2.98	0.27
225	183	0	90	35.17	143.72	121.15	63.83	60.53	12.88	42.90	40.29	2.22	18.11	0.84	0.027	10.71	3.08	0.29
225	193	0	90	37.35	143.81	121.73	64.35	60.27	12.80	42.77	40.77	2.47	16.54	0.83	0.027	12.24	3.21	0.26
225	203	0	90	34.55	140.90	118.74	63.74	59.90	12.71	42.74	38.26	2.46	15.55	0.83	0.027	11.09	3.19	0.29
225	213	0	90	33.87	138.80	116.87	63.34	59.55	12.62	42.62	36.64	2.45	14.96	0.83	0.026	11.56	3.16	0.27
225	223	0	90	36.15	138.79	117.10	63.71	59.47	12.59	42.64	36.68	2.54	14.44	0.83	0.026	10.43	3.17	0.30
225	233	0	90	34.87	138.99	116.93	62.95	59.50	12.60	42.77	36.72	2.36	15.53	0.83	0.026	11.12	3.18	0.29
225	243	0	90	36.39	140.34	118.37	63.95	59.80	12.67	43.05	37.49	2.54	14.78	0.83	0.027	11.13	3.33	0.30
225	253	0	90	38.76	141.00	119.07	64.91	60.02	12.73	43.26	37.71	2.62	14.39	0.83	0.027	12.43	3.37	0.27
225	263	0	90	36.19	141.11	119.13	65.09	60.39	12.82	43.59	37.13	2.51	14.80	0.83	0.027	12.53	3.39	0.27
225	273	0	90	37.41	142.14	119.71	64.26	60.66	12.88	43.95	37.53	2.56	14.66	0.83	0.027	12.43	3.41	0.27
225	283	0	90	36.50	143.38	120.97	65.01	60.98	12.95	44.26	38.14	2.68	14.25	0.83	0.028	11.40	3.49	0.31
225	293	0	90	38.39	143.18	120.91	66.26	61.19	12.99	44.55	37.43	2.69	13.93	0.83	0.028	10.67	3.46	0.32
225	303	0	90	34.07	143.48	120.78	64.98	61.16	12.99	44.65	37.66	2.57	14.65	0.83	0.027	11.84	3.42	0.29
225	313	0	90	43.15	144.18	121.71	65.67	61.14	12.97	44.78	38.26	2.78	13.78	0.83	0.028	10.28	3.38	0.33
225	323	0	90	37.80	144.28	121.57	64.58	60.94	12.94	44.67	38.66	2.60	14.86	0.83	0.027	10.66	3.38	0.32
225	333	0	90	35.40	143.91	121.42	65.11	60.99	12.98	44.65	38.27	2.50	15.33	0.83	0.028	12.12	3.36	0.28
225	343	0	90	38.42	144.12	121.41	64.46	60.64	12.89	44.52	38.96	2.52	15.44	0.83	0.027	11.65	3.44	0.30
225	353	0	90	37.70	142.42	120.04	64.04	60.17	12.79	44.36	37.89	2.58	14.69	0.83	0.027	12.70	3.37	0.27
225	363	0	90	39.21	141.01	118.92	63.51	59.88	12.71	44.20	36.93	2.73	13.55	0.83	0.027	10.89	3.28	0.30
225	373	0	90	30.78	140.27	117.73	62.66	59.49	12.65	43.87	36.90	2.24	16.45	0.83	0.025	12.94	3.19	0.25
225	383	0	90	34.02	139.44	117.13	62.41	59.36	12.64	43.74	36.34	2.40	15.14	0.83	0.026	10.68	3.01	0.28
225	393	0	90	36.74	139.51	117.75	64.22	59.45	12.64	43.65	36.41	2.42	15.08	0.83	0.026	10.53	2.93	0.28
225	403	0	90	37.69	140.78	119.24	64.43	59.26	12.61	43.54	37.98	2.79	13.63	0.83	0.027	9.11	2.88	0.32
225	413	0	90	33.30	140.80	119.20	63.43	58.86	12.54	43.24	38.70	2.36	16.39	0.83	0.027	10.01	2.83	0.28
225	423	0	90	37.80	140.23	118.87	63.66	58.64	12.50	42.86	38.73	2.51	15.44	0.83	0.027	9.61	2.80	0.29
235	423	0	90	38.61	141.91	119.70	62.01	59.48	12.67	43.05	39.37	2.43	16.22	0.83	0.027	9.69	2.89	0.30
235	413	0	90	35.52	142.34	120.04	62.85	59.68	12.71	43.35	39.31	2.52	15.57	0.83	0.027	11.54	2.95	0.26
235	403	0	90	38.12	142.80	120.81	64.24	59.86	12.74	43.51	39.42	2.49	15.85	0.83	0.027	9.85	2.96	0.30
235	393	0	90	39.48	141.20	119.18	64.59	60.09	12.79	43.82	37.28	2.64	14.12	0.83	0.026	10.12	2.94	0.29
235	383	0	90	37.58	140.09	117.89	63.79	60.14	12.79	43.94	36.01	2.51	14.34	0.83	0.026	10.73	2.97	0.28
235	373	0	90	34.52	140.35	118.33	64.58	60.12	12.76	44.05	36.18	2.57	14.05	0.83	0.026	9.90	3.03	0.31
235	363	0	90	36.63	140.63	118.31	64.23	60.38	12.82	44.26	35.99	2.58	13.92	0.83	0.027	9.85	3.13	0.32
235	353	0	90	39.64	141.89	119.64	65.28	60.91	12.92	44.54	36.45	2.79	13.08	0.83	0.027	9.62	3.21	0.33
235	343	0	90	34.38	143.42	120.73	65.37	61.20	12.99	44.63	37.59	2.60	14.47	0.83	0.027	10.33	3.27	0.32
235	333	0	90	36.65	143.70	120.92	65.46	61.70	13.11	44.82	37.18	2.54	14.64	0.83	0.027	11.26	3.22	0.29
235	323	0	90	37.86	144.13	121.41	66.26	61.91	13.13	45.00	37.22	2.83	13.14	0.83	0.027	10.74	3.22	0.30
235	313	0	90	35.06	143.49	120.62	65.57	61.74	13.10	44.87	36.88	2.57	14.33	0.83	0.027	10.29	3.26	0.32
235	303	0	90	37.25	143.59	120.63	65.33	61.79	13.10	44.82	36.98	2.49	14.88	0.83	0.027	10.57	3.32	0.31
235	293	0	90	36.39	143.55	120.49	65.30	61.88	13.12	44.74	36.93	2.64	13.99	0.83	0.027	11.95	3.35	0.28
235	283	0	90	39.15	144.41	121.91	66.41	61.87	13.11	44.59	37.95	2.62	14.50	0.83	0.028	11.03	3.44	0.31
235	273	0	90	36.88	143.99	120.96	64.53	61.58	13.05	44.20	38.20	2.57	14.84	0.83	0.027	12.07	3.46	0.29
235	263	0	90	37.08	143.83	121.22	65.54	61.39	13.01	43.89	38.55	2.35	16.39	0.83	0.027	13.01	3.50	0.27
235	253	0	90	36.75	143.99	121.14	64.55	61.07	12.94	43.62	39.30	2.30	17.09	0.83	0.027	12.91	3.53	0.27
235	243	0	90	40.27	142.46	119.93	64.15	60.77	12.86	43.31	38.38	2.40	16.01	0.83	0.028	11.51	3.39	0.29
235	233	0	90	38.28	140.78	118.51	63.99	60.48	12.78	43.15	37.14	2.52	14.71	0.83	0.027	10.80	3.28	0.30
235	223	0	90	36.58	140.27	118.35	64.49	60.20	12.75	42.91	37.16	2.53	14.71	0.83	0.027	10.48	3.25	0.31
235	213	0	90	38.85	140.62	118.61	64.53	60.29	12.76	42.84	37.48	2.51	14.91	0.83	0.027	9.91	3.26	0.33
235	203	0	90	38.29	142.42	119.93	63.86	60.55	12.85	42.85	39.03	2.44	15.99	0.83	0.027	11.36	3.27	0.29
235	193	0	90	36.25	144.11	121.66	64.80	60.92	12.94	42.97	40.22	2.54	15.85	0.83	0.027	11.19	3.19	0.28
235	183	0	90	34.78	143.40	120.88	64.66	61.02	12.97	42.92	39.46	2.42	16.33	0.83	0.027	10.78	3.04	0.28
235	173	0	90	37.90	143.99	121.93	65.89	61.18	13.01	42.95	39.86	2.60	15.31	0.83	0.028	9.79	2.96	0.30
235	163	0	90	37.00	145.53	123.24	65.90	61.34	13.05	43.03	41.16	2.31	17.85	0.83	0.028	9.72	2.91	0.30
235	153	0	90	35.01	145.03	122.14	65.00	61.49	13.10	42.91	40.62	2.33	17.44	0.83	0.027	9.98	2.81	0.28
235	143	0	90	35.88	143.34	120.74	64.99	61.48	13.11	42.71	39.14	2.26	17.32	0.83	0.027	10.36	2.71	0.26
245	143	0	90	37.65	143.21	120.56	65.54	61.98	13.21	42.77	38.46	2.35	16.36	0.83	0.026	10.16	2.71	0.27
245	153	0	90	37.35	144.53	122.22	66.20	61.97	13.20	43.04	39.51	2.35	16.84	0.83	0.028	11.24	2.84	0.25
245	163	0	90	41.52	144.82	122.37	65.77	61.82	13.16	43.10	39.91	2.38	16.74	0.83	0.028	10.54	2.82	0.27
245	173	0	90	36.63	143.26	120.86	66.16	61.61	13.09	43.02	38.63	2.30	16.81	0.83	0.027	10.60	2.82	0.27
245	183	0	90	37.16	143.51	121.06	65.68	61.48	13.07	43.06	38.97	2.45	15.94	0.83	0.027	10.21	3.00	0.29
245	193	0	90	36.08	145.79	123.45	66.21	61.57	13.07	43.11	41.11	2.50	16.47	0.83	0.028	11.38	3.24	0.28
245	203	0	90	38.94	145.00	122.72	65.87	61.31	13.00	43.17	40.52	2.68	15.15	0.83	0.028	11.85	3.32	0.28
245	213	0	90	36.80	142.35	120.29	65.78	60.99	12.94	42.99	38.36	2.51	15.31	0.83	0.027	12.59	3.33	0.26
245	223	0	90	38.22	142.07	120.00	65.66	60.79	12.86	43.02	38.26	2.47	15.46	0.83	0.027	10.63	3.31	0.31
245	233	0	90	40.73	142.41	120.40	65.79	60.95	12.89	43.14	38.32	2.61	14.68	0.83	0.028	10.82	3.37	0.31
245	243	0	90	38.89	144.11	121.74	65.62	61.18	12.94	43.38	39.55	2.61	15.13	0.83	0.029	12.08	3.51	0.29
245	253	0	90	43.05	145.25	123.21	67.70	61.71	13.06	43.76	39.78	2.82	14.12	0.83	0.030	11.24	3.64	0.32
245	263	0	90	37.20	144.38	121.75	66.40	61.84	13.09	43.93	38.61	2.52	15.30	0.83	0.028	13.44	3.59	0.27
245	273	0	90	38.70	143.87	120.94	65.76	62.04	13.15	44.16	37.67	2.55	14.79	0.83	0.028	12.46	3.46	0.28
245	283	0	90	35.22	144.03	121.24	66.05	62.10	13.15	44.34	37.59	2.64	14.22	0.83	0.028	10.88	3.36	0.31
245	293	0	90	39.53	143.61	120.90	66.70	62.13	13.15	44.60	36.88	2.63	14.05	0.83	0.027	11.20	3.28	0.29
245	303	0	90	34.85	143.26	120.40	65.62	62.05	13.12	44.81	36.40	2.51	14.50	0.83	0.027	11.28	3.22	0.29
245	313	0	90	39.28	143.97	120.84	65.73	62.36	13.20	44.97	36.64	2.75	13.30	0.83	0.027	9.89	3.26	0.33
245	323	0	90	36.61	143.58	120.63	66.29	62.36	13.21	44.88	36.35	2.56	14.18	0.83	0.027	10.43	3.16	0.30
245	333	0	90	40.51	143.98	121.54	67.40	62.21	13.19	44.84	36.93	2.65	13.94	0.83	0.027	10.46	3.18	0.30
245	343	0	90	39.43	143.91	121.45	66.30	61.78	13.09	44.76	37.37	2.65	14.11	0.83	0.028	10.13	3.15	0.31
245	353	0	90	37.37	141.09	118.31	64.38	61.24	13.00	44.36	35.50	2.45	14.49	0.83	0.026	11.59	3.10	0.27
245	363	0	90	35.06	140.11	117.37	63.86	60.85	12.90	44.21	35.05	2.41	14.53	0.83	0.025	10.75	3.03	0.28
245	373	0	90	36.55	140.12	117.94	64.74	60.57	12.85	44.05	35.49	2.58	13.73	0.83	0.026	10.28	3.00	0.29
245	383	0	90	34.00	139.93	117.73	64.52	60.39	12.84	43.79	35.75	2.38	15.02	0.83	0.025	9.79	2.94	0.30
245	393	0	90	35.77	141.89	119.83	64.53	60.53	12.87	43.75	37.61	2.53	14.86	0.83	0.027	9.82	2.97	0.30
245	403	0	90	39.50	143.85	122.18	66.55	60.45	12.87	43.65	39.76	2.59	15.36	0.83	0.028	10.03	3.03	0.30
245	413	0	90	34.17	143.21	120.59	63.00	60.24	12.83	43.33	39.64	2.28	17.39	0.83	0.027	10.11	2.96	0.29
245	423	0	90	35.08	142.47	120.64	64.81	60.15	12.82	43.05	39.28	2.37	16.56	0.83	0.027	11.21	2.98	0.27
255	423	0	90	33.89	143.02	120.62	63.62	60.27	12.85	42.84	39.91	2.51	15.87	0.83	0.027	10.62	3.06	0.29
255	413	0	90	37.39	143.30	121.32	64.73	60.34	12.85	43.12	39.84	2.62	15.22	0.83	0.028	10.88	3.06	0.28
255	403	0	90	40.15	142.88	120.84	64.63	60.37	12.84	43.30	39.22	2.57	15.26	0.83	0.027	10.09	3.03	0.30
255	393	0	90	35.91	141.62	119.62	64.78	60.43	12.86	43.50	37.70	2.58	14.64	0.83	0.027	9.54	3.03	0.32
255	383	0	90	35.23	140.96	118.68	64.21	60.55	12.87	43.71	36.70	2.65	13.84	0.83	0.026	9.74	3.07	0.32
255	373	0	90	34.18	140.63	118.59	65.56	60.83	12.91	43.90	35.90	2.56	14.00	0.83	0.027	10.80	3.09	0.29
255	363	0	90	35.84	139.85	117.05	63.84	61.16	12.97	44.10	34.59	2.49	13.86	0.83	0.025	10.02	2.96	0.30
255	353	0	90	37.20	140.87	118.49	65.71	61.40	13.01	44.30	35.17	2.47	14.21	0.83	0.026	10.08	3.00	0.30
255	343	0	90	38.88	143.05	120.71	67.11	62.02	13.15	44.54	36.50	2.85	12.80	0.82	0.028	9.83	3.09	0.31
255	333	0	90	36.12	143.62	120.84	67.28	62.34	13.22	44.65	36.63	2.58	14.20	0.83	0.026	10.76	3.15	0.29
255	323	0	90	37.14	143.04	120.18	66.28	62.44	13.22	44.80	35.80	2.59	13.80	0.83	0.027	10.07	3.15	0.31
255	313	0	90	39.61	143.10	120.10	66.74	62.53	13.22	44.80	35.76	2.55	14.00	0.83	0.027	10.54	3.14	0.30
255	303	0	90	38.18	143.33	120.39	66.78	62.43	13.21	44.75	36.15	2.70	13.39	0.83	0.027	10.14	3.19	0.31
255	293	0	90	43.14	143.70	121.56	67.94	62.28	13.17	44.60	36.82	2.84	12.98	0.82	0.029	9.86	3.26	0.33
255	283	0	90	35.03	144.06	121.35	66.58	62.12	13.16	44.23	37.72	2.40	15.73	0.83	0.028	13.25	3.42	0.26
255	273	0	90	36.75	143.98	121.09	66.57	62.17	13.17	44.07	37.74	2.56	14.76	0.83	0.027	11.32	3.53	0.31
255	263	0	90	35.02	143.71	120.81	66.03	61.95	13.14	43.80	37.96	2.32	16.37	0.83	0.027	13.05	3.56	0.27
255	253	0	90	37.63	144.45	121.64	66.01	61.85	13.08	43.57	39.02	2.61	14.98	0.83	0.028	12.37	3.61	0.29
255	243	0	90	37.26	143.51	120.88	64.79	61.42	12.99	43.20	38.89	2.39	16.29	0.83	0.028	11.89	3.52	0.30
255	233	0	90	39.03	143.45	120.89	65.01	61.21	12.96	43.10	39.14	2.57	15.24	0.83	0.028	11.54	3.43	0.30
255	223	0	90	38.37	143.36	121.20	65.84	61.07	12.95	42.92	39.38	2.37	16.59	0.83	0.028	12.18	3.44	0.28
255	213	0	90	41.55	143.04	120.83	65.96	61.16	12.98	42.92	38.96	2.30	16.97	0.83	0.027	11.86	3.37	0.28
255	203	0	90	38.71	144.81	122.55	66.05	61.40	13.03	43.03	40.38	2.51	16.06	0.83	0.028	12.12	3.29	0.27
255	193	0	90	34.41	145.36	123.01	66.21	61.51	13.07	43.07	40.78	2.57	15.87	0.83	0.028	11.10	3.16	0.28
255	183	0	90	36.66	143.85	121.50	65.95	61.37	13.05	42.95	39.53	2.51	15.74	0.83	0.027	10.27	3.03	0.30
255	173	0	90	35.27	143.17	120.73	65.36	61.39	13.08	42.85	38.93	2.20	17.69	0.83	0.027	10.67	2.83	0.27
255	163	0	90	44.29	144.19	122.06	66.53	61.76	13.14	43.04	39.39	2.52	15.60	0.83	0.028	8.57	2.75	0.32
255	153	0	90	39.57	144.06	121.81	66.55	61.93	13.19	43.00	39.13	2.57	15.24	0.83	0.028	9.98	2.78	0.28
255	143	0	90	36.27	142.94	120.32	65.85	62.02	13.22	42.71	38.22	2.24	17.09	0.83	0.026	10.06	2.68	0.27
265	143	0	90	35.10	142.48	120.22	65.82	61.56	13.13	42.43	38.49	2.45	15.68	0.83	0.027	9.77	2.73	0.28
265	153	0	90	34.02	141.21	118.51	64.21	61.25	13.05	42.42	37.53	2.19	17.12	0.83	0.026	9.51	2.66	0.28
265	163	0	90	39.13	141.45	119.31	65.72	61.22	13.03	42.56	37.67	2.43	15.53	0.83	0.027	9.06	2.68	0.30
265	173	0	90	38.11	141.70	119.76	65.62	61.15	13.01	42.70	37.85	2.51	15.08	0.83	0.027	10.47	2.80	0.27
265	183	0	90	37.30	141.38	119.21	65.36	61.05	12.97	42.66	37.67	2.57	14.66	0.83	0.027	10.54	2.94	0.28
265	193	0	90	37.19	142.27	119.97	65.66	61.11	12.99	42.71	38.45	2.50	15.35	0.83	0.027	12.14	3.16	0.26
265	203	0	90	40.51	142.63	120.22	65.21	61.12	12.97	42.68	38.82	2.43	16.00	0.83	0.027	12.16	3.32	0.27
265	213	0	90	34.38	142.93	120.51	64.74	61.06	12.96	42.69	39.19	2.53	15.49	0.83	0.028	11.96	3.43	0.29
265	223	0	90	40.06	142.84	120.84	66.03	60.99	12.94	42.74	39.10	2.64	14.82	0.83	0.028	11.33	3.39	0.30
265	233	0	90	34.98	142.41	120.18	64.77	60.91	12.90	42.84	38.66	2.36	16.35	0.83	0.027	11.50	3.42	0.30
265	243	0	90	34.29	142.16	119.38	64.47	61.11	12.96	42.97	38.08	2.33	16.31	0.83	0.026	13.18	3.47	0.26
265	253	0	90	38.56	142.22	119.62	65.64	61.56	13.04	43.18	37.47	2.47	15.19	0.83	0.028	11.32	3.45	0.31
265	263	0	90	35.10	143.13	120.19	65.11	61.99	13.13	43.58	37.57	2.54	14.78	0.83	0.027	11.72	3.54	0.30
265	273	0	90	39.85	143.52	120.73	65.95	62.18	13.15	43.89	37.45	2.66	14.06	0.83	0.027	12.43	3.47	0.28
265	283	0	90	38.14	143.78	121.01	66.12	62.09	13.15	44.05	37.64	2.61	14.40	0.83	0.027	10.88	3.41	0.31
265	293	0	90	39.66	143.84	121.58	68.24	62.16	13.13	44.26	37.42	2.77	13.53	0.83	0.028	11.41	3.32	0.29
265	303	0	90	39.83	143.54	121.25	67.24	62.20	13.16	44.41	36.94	2.73	13.55	0.83	0.028	10.27	3.26	0.32
265	313	0	90	36.30	142.59	119.86	66.29	62.24	13.17	44.37	35.99	2.46	14.61	0.83	0.026	11.67	3.16	0.27
265	323	0	90	38.45	142.66	119.68	65.70	62.14	13.16	44.22	36.29	2.68	13.57	0.83	0.027	9.94	3.16	0.32
265	333	0	90	38.26	143.01	120.20	65.66	61.94	13.12	44.28	36.79	2.58	14.24	0.83	0.027	10.88	3.18	0.29
265	343	0	90	39.29	142.13	119.96	67.12	61.81	13.11	44.14	36.18	2.54	14.24	0.83	0.027	10.77	3.10	0.29
265	353	0	90	36.99	140.73	118.22	65.59	61.58	13.08	43.90	35.25	2.56	13.80	0.83	0.026	10.98	3.02	0.27
265	363	0	90	33.12	140.00	117.39	64.61	61.25	13.01	43.65	35.10	2.37	14.81	0.83	0.025	10.27	3.03	0.30
265	373	0	90	36.18	140.39	118.09	65.07	60.92	12.93	43.61	35.86	2.70	13.30	0.83	0.027	11.49	3.06	0.27
265	383	0	90	34.33	139.91	117.58	64.22	60.26	12.80	43.27	36.38	2.48	14.69	0.83	0.026	11.60	3.07	0.26
265	393	0	90	36.50	140.77	118.58	63.65	59.98	12.74	43.07	37.72	2.45	15.38	0.83	0.026	11.57	3.11	0.27
265	403	0	90	34.38	141.17	119.40	64.49	59.82	12.73	42.91	38.44	2.45	15.69	0.83	0.027	10.01	3.04	0.30
265	413	0	90	37.02	141.62	119.57	63.49	59.89	12.75	42.68	39.04	2.34	16.67	0.83	0.027	10.93	3.10	0.28
265	423	0	90	37.04	141.28	119.20	63.73	60.01	12.78	42.39	38.88	2.28	17.05	0.83	0.027	11.82	3.10	0.26
275	423	0	90	39.77	138.67	117.45	64.53	59.31	12.61	41.98	37.38	2.45	15.25	0.83	0.027	10.02	3.12	0.31
275	413	0	90	34.93	138.86	116.94	62.36	59.27	12.62	42.14	37.44	2.31	16.23	0.83	0.026	11.41	3.15	0.28
275	403	0	90	37.31	139.64	118.06	63.74	59.43	12.63	42.43	37.78	2.51	15.05	0.83	0.027	11.28	3.13	0.28
275	393	0	90	36.87	139.21	117.38	64.35	59.82	12.69	42.68	36.71	2.49	14.76	0.83	0.027	11.16	3.13	0.28
275	383	0	90	39.31	138.92	116.97	64.25	60.22	12.77	42.92	35.79	2.45	14.62	0.83	0.026	10.74	3.07	0.29
275	373	0	90	40.65	139.55	117.58	65.20	60.78	12.91	43.15	35.61	2.60	13.72	0.83	0.027	9.18	3.08	0.34
275	363	0	90	37.44	140.32	118.14	65.77	61.26	13.01	43.30	35.76	2.53	14.15	0.83	0.027	11.51	3.11	0.27
275	353	0	90	37.54	141.15	118.85	66.15	61.59	13.07	43.58	35.98	2.61	13.78	0.82	0.027	12.70	3.15	0.25
275	343	0	90	36.54	141.39	118.58	64.40	61.46	13.03	43.64	36.30	2.50	14.52	0.83	0.026	10.96	3.15	0.29
275	333	0	90	36.87	142.20	119.36	64.33	61.41	13.02	43.71	37.08	2.49	14.87	0.83	0.027	10.67	3.22	0.30
275	323	0	90	38.96	142.84	120.22	65.25	61.51	13.03	43.76	37.57	2.51	14.96	0.83	0.027	10.94	3.28	0.30
275	313	0	90	37.77	142.66	119.96	64.83	61.62	13.04	43.75	37.28	2.24	16.68	0.83	0.026	11.04	3.31	0.30
275	303	0	90	37.19	143.40	120.47	65.27	61.49	13.00	43.79	38.13	2.37	16.07	0.83	0.027	12.40	3.38	0.27
275	293	0	90	38.01	143.71	121.54	66.61	61.46	12.99	43.67	38.58	2.45	15.71	0.83	0.028	12.07	3.43	0.28
275	283	0	90	37.20	143.08	120.69	65.87	61.34	12.98	43.49	38.25	2.27	16.84	0.83	0.027	13.69	3.50	0.26
275	273	0	90	36.97	141.67	119.40	65.84	61.22	12.97	43.18	37.27	2.52	14.77	0.83	0.028	12.10	3.49	0.29
275	263	0	90	37.81	141.10	118.72	65.17	61.12	12.93	42.95	37.02	2.47	14.99	0.83	0.027	11.49	3.52	0.31
275	253	0	90	33.31	139.73	117.35	64.44	60.80	12.89	42.61	36.33	2.10	17.26	0.83	0.026	12.95	3.36	0.26
275	243	0	90	35.40	139.18	116.97	64.29	60.56	12.83	42.43	36.19	2.30	15.76	0.83	0.026	11.64	3.31	0.28
275	233	0	90	36.35	139.92	117.69	63.85	60.28	12.77	42.29	37.35	2.41	15.48	0.83	0.027	11.69	3.35	0.29
275	223	0	90	34.69	140.36	118.17	63.94	60.16	12.77	42.09	38.11	2.25	16.94	0.83	0.026	12.84	3.39	0.26
275	213	0	90	37.65	141.10	118.68	63.05	60.21	12.78	42.07	38.82	2.28	17.06	0.83	0.027	12.12	3.44	0.28
275	203	0	90	38.21	140.09	118.20	63.59	59.97	12.74	42.09	38.03	2.20	17.28	0.83	0.027	11.69	3.29	0.28
275	193	0	90	36.30	139.92	117.91	63.81	60.14	12.77	42.12	37.66	2.42	15.58	0.83	0.026	11.58	3.10	0.27
275	183	0	90	39.02	139.22	117.56	64.78	60.21	12.80	42.10	36.91	2.48	14.87	0.83	0.027	10.91	2.97	0.27
275	173	0	90	42.74	139.70	118.09	65.56	60.55	12.87	42.27	36.87	2.52	14.63	0.83	0.027	10.73	2.84	0.26
275	163	0	90	32.43	138.52	116.44	64.09	60.42	12.87	41.96	36.14	2.15	16.78	0.83	0.025	8.98	2.62	0.29
275	153	0	90	39.56	139.81	117.99	65.31	60.66	12.93	42.03	37.12	2.45	15.15	0.83	0.027	10.88	2.64	0.24
275	143	0	90	38.53	140.88	118.86	65.38	60.84	12.99	41.93	38.12	2.41	15.79	0.83	0.027	10.19	2.69	0.26
285	143	0	90	35.74	138.66	116.50	62.44	59.88	12.80	41.27	37.51	2.21	16.98	0.83	0.025	10.23	2.60	0.25
285	153	0	90	36.89	137.49	115.78	63.57	59.82	12.76	41.38	36.29	2.34	15.54	0.83	0.026	9.20	2.54	0.28
285	163	0	90	38.29	137.36	116.03	64.20	59.64	12.71	41.44	36.28	2.44	14.84	0.83	0.026	8.77	2.66	0.30
285	173	0	90	37.37	136.85	115.32	63.22	59.49	12.66	41.39	35.97	2.33	15.44	0.83	0.026	10.08	2.73	0.27
285	183	0	90	38.25	137.19	115.67	63.67	59.31	12.61	41.41	36.46	2.47	14.74	0.83	0.026	11.60	2.93	0.25
285	193	0	90	33.74	137.22	115.73	63.26	59.00	12.57	41.32	36.90	2.20	16.80	0.83	0.026	12.51	3.05	0.24
285	203	0	90	37.11	136.98	115.67	63.40	59.02	12.54	41.28	36.68	2.34	15.65	0.83	0.026	12.34	3.21	0.26
285	213	0	90	38.74	137.60	116.50	64.66	59.14	12.55	41.44	37.03	2.60	14.24	0.83	0.027	11.78	3.34	0.28
285	223	0	90	33.88	137.86	116.06	63.46	59.28	12.59	41.51	37.06	2.39	15.49	0.83	0.026	11.03	3.32	0.30
285	233	0	90	38.93	137.02	115.43	64.05	59.53	12.62	41.59	35.90	2.38	15.07	0.83	0.026	12.06	3.25	0.27
285	243	0	90	32.73	135.26	113.10	62.68	59.70	12.68	41.76	33.79	2.43	13.93	0.83	0.025	12.81	3.20	0.25
285	253	0	90	32.84	136.98	115.10	64.61	60.00	12.73	42.08	34.90	2.14	16.28	0.83	0.025	13.72	3.37	0.25
285	263	0	90	37.95	138.58	116.83	65.23	60.16	12.74	42.37	36.05	2.39	15.08	0.83	0.027	12.47	3.53	0.28
285	273	0	90	35.82	139.93	117.72	64.09	60.27	12.76	42.61	37.04	2.30	16.09	0.83	0.027	12.51	3.55	0.28
285	283	0	90	40.49	141.56	119.65	64.98	60.43	12.78	42.86	38.27	2.52	15.17	0.83	0.028	11.54	3.61	0.31
285	293	0	90	43.28	142.62	120.94	66.54	60.64	12.81	43.04	38.95	2.86	13.60	0.83	0.029	11.38	3.59	0.32
285	303	0	90	39.88	141.68	119.77	65.98	60.78	12.85	43.03	37.87	2.60	14.56	0.83	0.028	12.35	3.42	0.28
285	313	0	90	41.90	140.29	118.15	65.07	60.71	12.84	43.03	36.55	2.53	14.48	0.83	0.027	9.76	3.32	0.34
285	323	0	90	34.51	139.87	117.85	64.94	60.58	12.82	42.87	36.41	2.44	14.90	0.83	0.026	10.98	3.26	0.30
285	333	0	90	35.73	139.90	117.57	64.08	60.51	12.83	42.81	36.58	2.28	16.05	0.83	0.026	10.73	3.22	0.30
285	343	0	90	37.27	139.38	117.17	64.39	60.56	12.87	42.80	36.02	2.38	15.16	0.83	0.026	10.90	3.18	0.29
285	353	0	90	38.67	139.69	117.62	64.44	60.48	12.85	42.72	36.48	2.52	14.50	0.83	0.027	10.61	3.19	0.30
285	363	0	90	35.68	138.23	116.30	64.23	60.24	12.81	42.37	35.61	2.34	15.19	0.83	0.026	10.24	3.16	0.31
285	373	0	90	35.57	136.96	115.05	63.79	59.95	12.74	42.22	34.80	2.42	14.36	0.83	0.026	10.61	3.06	0.29
285	383	0	90	36.22	136.93	115.25	63.41	59.46	12.63	42.07	35.40	2.44	14.50	0.83	0.026	11.45	3.11	0.27
285	393	0	90	36.11	136.87	115.31	63.16	59.20	12.58	41.89	35.78	2.47	14.49	0.83	0.026	10.35	3.17	0.31
285	403	0	90	34.01	136.28	114.80	62.81	58.82	12.48	41.65	35.82	2.36	15.18	0.83	0.026	11.88	3.14	0.26
285	413	0	90	37.16	136.29	114.91	62.19	58.56	12.43	41.41	36.33	2.38	15.24	0.83	0.026	11.76	3.15	0.27
285	423	0	90	35.30	135.50	114.33	62.78	58.49	12.44	41.12	35.89	2.24	16.06	0.83	0.026	11.52	3.17	0.27
