X	Y	Azimut	Elevation	Energie	Flux de photons	Efficience YPF	UVA-BLEU :	BLEU élargi	BLEU strict	VERT	ROUGE CLAIR	ROUGE SOMBRE	RC/RS	PHI =	TETA =	ZETA =	RC	RS 
X	Y	Azimut	Elévation	300-1100 nm	400-700 nm	(yield photon flux)	350-500 nm	400-500 nm	445-455 nm	500-600 nm	600-700 nm	700-800 nm	600-700 /700-800 nm		(Sager et al. 1988)	655-665/725-735 nm	655-665 nm	725-735 nm
72	210	0	90	51.77	196.56	169.10	78.99	73.48	16.04	54.06	69.01	3.02	22.84	0.85	0.040	12.37	4.25	0.34
72	220	0	90	47.16	177.96	151.65	74.53	70.02	15.26	52.35	55.59	2.95	18.86	0.84	0.035	10.44	3.61	0.35
72	230	0	90	41.84	170.60	144.51	74.31	70.12	15.31	52.28	48.20	2.97	16.22	0.83	0.032	9.02	3.16	0.35
72	240	0	90	43.30	180.37	153.90	76.90	71.24	15.56	53.76	55.37	2.97	18.65	0.84	0.035	10.31	3.61	0.35
72	250	0	90	45.49	187.58	160.26	78.46	72.96	15.86	54.50	60.12	2.93	20.52	0.84	0.037	11.29	4.10	0.36
72	260	0	90	44.87	184.03	156.37	80.06	74.90	16.21	55.10	54.03	3.22	16.77	0.84	0.036	12.74	4.36	0.34
72	270	0	90	47.79	184.53	156.11	81.53	76.53	16.47	55.69	52.30	3.15	16.58	0.83	0.036	12.91	4.85	0.38
72	280	0	90	50.71	189.83	160.88	85.23	79.28	16.97	56.66	53.88	3.33	16.20	0.83	0.038	12.15	4.90	0.40
72	290	0	90	52.57	197.17	167.85	86.81	80.18	17.08	57.32	59.67	3.38	17.66	0.84	0.040	13.12	5.02	0.38
72	300	0	90	48.03	194.06	164.28	86.52	80.61	17.07	58.25	55.19	3.41	16.17	0.83	0.039	13.64	5.56	0.41
72	310	0	90	51.44	197.30	166.54	89.59	83.51	17.63	60.00	53.79	3.54	15.20	0.83	0.039	13.40	5.39	0.40
72	320	0	90	56.79	204.78	173.92	91.31	84.07	17.68	61.27	59.45	3.84	15.50	0.83	0.042	14.11	6.00	0.43
72	330	0	90	54.69	211.16	179.60	88.96	83.26	17.49	61.47	66.42	3.51	18.95	0.84	0.045	17.78	7.22	0.41
72	340	0	90	54.93	209.07	178.12	87.54	81.53	17.05	61.83	65.70	3.77	17.44	0.84	0.044	15.02	7.08	0.47
72	350	0	90	52.63	201.72	171.49	86.55	80.02	16.78	62.01	59.69	3.77	15.82	0.84	0.042	14.21	6.28	0.44
72	360	0	90	53.81	213.99	182.53	86.17	80.82	17.03	62.61	70.56	3.60	19.62	0.85	0.045	19.88	7.42	0.37
72	370	0	90	52.19	201.81	170.50	86.32	81.71	17.34	63.22	56.88	3.72	15.29	0.84	0.039	13.80	5.78	0.42
72	380	0	90	53.95	201.08	169.92	88.92	82.96	17.71	64.36	53.76	3.91	13.74	0.83	0.040	12.69	5.47	0.43
72	390	0	90	54.06	204.72	173.12	88.58	83.13	17.85	64.34	57.25	3.90	14.68	0.83	0.041	13.73	5.87	0.43
72	400	0	90	55.67	205.36	174.40	88.61	82.27	17.77	63.77	59.32	4.09	14.51	0.83	0.042	13.39	6.02	0.45
72	410	0	90	53.41	201.53	171.17	84.36	79.10	17.18	61.51	60.91	3.44	17.73	0.84	0.040	14.83	6.09	0.41
72	420	0	90	50.65	198.24	169.43	79.45	74.64	16.29	58.95	64.65	3.51	18.42	0.84	0.042	15.71	6.55	0.42
72	430	0	90	47.49	184.36	157.30	75.22	70.46	15.45	56.18	57.72	3.21	17.97	0.84	0.038	15.24	5.77	0.38
72	440	0	90	41.74	179.41	153.30	71.50	67.06	14.81	54.69	57.66	3.12	18.48	0.84	0.036	13.96	5.26	0.38
72	450	0	90	41.80	176.23	150.48	70.38	66.33	14.66	54.47	55.43	3.22	17.20	0.84	0.035	10.95	4.03	0.37
72	460	0	90	43.02	174.38	149.27	71.90	66.45	14.71	54.43	53.50	3.17	16.89	0.84	0.034	9.64	3.52	0.36
72	470	0	90	46.87	177.23	151.48	73.15	68.45	15.15	55.20	53.58	3.22	16.66	0.83	0.035	7.83	3.10	0.40
82	470	0	90	39.44	165.46	141.24	67.80	63.99	14.16	51.39	50.09	3.07	16.30	0.84	0.032	8.81	3.00	0.34
82	460	0	90	42.65	164.14	140.91	66.34	61.28	13.52	50.89	51.98	2.94	17.69	0.84	0.032	10.37	3.39	0.33
82	450	0	90	46.33	165.78	142.66	65.81	60.54	13.35	50.43	54.80	3.22	17.03	0.84	0.035	12.47	4.24	0.34
82	440	0	90	47.31	169.47	145.65	66.95	61.81	13.62	51.02	56.64	3.23	17.54	0.84	0.036	13.64	4.98	0.37
82	430	0	90	42.37	172.62	147.65	70.05	65.16	14.32	52.45	55.01	3.03	18.15	0.84	0.035	13.91	5.16	0.37
82	420	0	90	51.10	186.81	160.71	74.58	68.70	15.04	54.45	63.67	3.25	19.58	0.84	0.041	15.34	6.06	0.39
82	410	0	90	45.43	185.41	157.72	75.37	71.49	15.57	56.42	57.50	3.29	17.50	0.84	0.038	15.46	5.84	0.38
82	400	0	90	49.29	179.39	151.73	79.19	73.76	15.97	57.59	48.04	3.43	14.02	0.83	0.035	12.24	4.74	0.39
82	390	0	90	53.42	179.62	152.23	80.21	73.99	15.94	58.11	47.52	3.59	13.25	0.83	0.036	11.18	4.70	0.42
82	380	0	90	45.90	173.00	145.82	78.50	72.73	15.56	57.64	42.63	3.51	12.16	0.82	0.033	11.24	4.17	0.37
82	370	0	90	45.62	178.15	151.08	76.96	71.59	15.22	56.89	49.67	3.33	14.92	0.83	0.035	13.23	5.13	0.39
82	360	0	90	51.03	182.91	155.91	77.37	71.29	15.04	56.53	55.09	3.61	15.27	0.84	0.038	14.85	5.91	0.40
82	350	0	90	47.95	182.99	155.42	76.07	71.64	15.06	56.60	54.76	3.46	15.82	0.84	0.036	14.36	5.79	0.40
82	340	0	90	46.38	181.89	153.97	78.29	73.29	15.39	56.42	52.18	3.35	15.57	0.84	0.036	14.32	5.62	0.39
82	330	0	90	44.69	184.95	156.61	78.82	74.43	15.69	56.20	54.31	3.08	17.64	0.84	0.037	14.68	5.74	0.39
82	320	0	90	46.10	182.77	154.38	80.71	75.73	15.98	56.12	50.92	3.20	15.92	0.83	0.036	13.49	5.08	0.38
82	310	0	90	47.41	179.60	151.99	80.14	74.24	15.69	54.84	50.52	3.24	15.59	0.83	0.036	13.39	4.96	0.37
82	300	0	90	45.91	179.24	152.23	77.22	72.44	15.38	53.39	53.41	3.10	17.25	0.84	0.035	12.83	4.55	0.35
82	290	0	90	45.07	173.84	146.87	76.81	72.43	15.48	52.78	48.64	2.96	16.43	0.83	0.033	12.01	4.05	0.34
82	280	0	90	48.04	176.98	149.94	76.67	72.45	15.53	52.93	51.60	3.00	17.21	0.84	0.034	11.70	4.14	0.35
82	270	0	90	45.96	181.04	154.27	76.02	71.13	15.36	52.49	57.42	2.84	20.23	0.84	0.036	12.60	4.30	0.34
82	260	0	90	43.82	175.27	149.82	74.93	69.27	15.01	51.68	54.32	3.04	17.86	0.84	0.035	12.57	4.11	0.33
82	250	0	90	42.31	173.85	147.84	70.96	67.64	14.74	51.32	54.89	2.67	20.56	0.84	0.034	11.59	3.92	0.34
82	240	0	90	40.48	164.25	139.77	71.57	66.38	14.53	50.45	47.42	2.83	16.75	0.83	0.032	10.16	3.25	0.32
82	230	0	90	39.35	162.51	137.79	69.04	65.61	14.38	49.26	47.64	2.72	17.53	0.84	0.030	9.73	3.15	0.32
82	220	0	90	42.55	168.54	143.62	71.24	66.72	14.62	49.63	52.20	2.71	19.27	0.84	0.033	9.96	3.26	0.33
82	210	0	90	44.48	181.32	155.80	75.69	69.57	15.24	51.18	60.57	2.96	20.48	0.84	0.037	11.33	3.58	0.32
92	210	0	90	38.96	161.51	136.82	70.14	66.09	14.49	48.71	46.71	2.64	17.72	0.84	0.030	9.35	3.08	0.33
92	220	0	90	39.65	157.72	134.50	68.75	63.65	13.94	47.63	46.44	2.77	16.75	0.83	0.031	9.29	3.03	0.33
92	230	0	90	41.30	157.25	134.36	66.39	61.35	13.40	47.21	48.69	2.77	17.57	0.84	0.031	10.05	3.11	0.31
92	240	0	90	40.43	155.12	132.08	65.90	61.62	13.46	47.63	45.88	2.78	16.49	0.84	0.031	10.15	3.22	0.32
92	250	0	90	36.89	160.28	136.79	66.58	62.06	13.45	48.48	49.74	2.75	18.09	0.84	0.032	10.04	3.54	0.35
92	260	0	90	40.42	161.87	138.01	67.52	63.50	13.69	49.11	49.26	2.84	17.35	0.84	0.032	10.83	3.60	0.33
92	270	0	90	47.64	173.96	149.25	70.94	66.00	14.18	50.29	57.67	3.07	18.81	0.84	0.036	10.71	3.87	0.36
92	280	0	90	44.24	167.84	142.90	71.84	67.03	14.33	50.50	50.30	2.83	17.75	0.84	0.033	11.16	3.63	0.33
92	290	0	90	39.52	161.05	136.27	72.66	67.44	14.38	50.16	43.45	2.66	16.36	0.83	0.030	10.62	3.47	0.33
92	300	0	90	47.27	164.54	139.95	73.28	67.65	14.37	50.62	46.27	3.12	14.84	0.83	0.033	9.51	3.49	0.37
92	310	0	90	43.34	158.91	133.92	74.49	68.57	14.53	51.53	38.82	3.17	12.26	0.82	0.030	9.47	3.49	0.37
92	320	0	90	43.69	168.11	142.34	75.49	69.85	14.77	52.68	45.59	3.05	14.93	0.83	0.033	12.23	4.28	0.35
92	330	0	90	43.26	170.20	144.35	74.14	68.62	14.51	52.54	49.04	2.93	16.72	0.84	0.033	14.77	4.80	0.32
92	340	0	90	40.03	170.34	144.52	70.61	66.61	14.05	52.50	51.23	3.08	16.66	0.84	0.034	14.62	5.14	0.35
92	350	0	90	44.25	165.39	140.40	68.32	64.63	13.63	51.89	48.87	3.17	15.41	0.84	0.033	13.11	4.90	0.37
92	360	0	90	39.55	159.38	134.29	66.81	63.92	13.51	51.46	44.01	2.99	14.72	0.84	0.030	14.27	4.61	0.32
92	370	0	90	39.85	153.85	129.32	67.44	63.81	13.55	51.82	38.21	2.92	13.07	0.83	0.028	11.54	3.82	0.33
92	380	0	90	40.68	159.00	133.95	70.22	66.17	14.19	52.57	40.26	3.08	13.09	0.83	0.030	11.04	3.79	0.34
92	390	0	90	43.65	166.10	140.49	70.93	67.02	14.44	53.11	45.98	3.24	14.20	0.83	0.032	10.93	4.22	0.39
92	400	0	90	44.23	163.46	138.58	72.18	66.76	14.48	52.70	44.00	3.35	13.12	0.83	0.032	10.26	4.10	0.40
92	410	0	90	44.33	169.21	144.29	71.14	65.91	14.37	52.24	51.05	3.21	15.92	0.84	0.034	14.44	4.87	0.34
92	420	0	90	42.22	169.72	145.05	68.94	64.25	14.07	51.07	54.40	2.87	18.98	0.84	0.035	13.74	5.07	0.37
92	430	0	90	38.53	160.87	137.20	64.26	60.61	13.32	49.05	51.21	2.60	19.71	0.84	0.032	15.76	4.67	0.30
92	440	0	90	35.76	156.34	133.53	60.62	57.53	12.66	47.52	51.28	2.60	19.70	0.85	0.031	14.94	4.51	0.30
92	450	0	90	39.91	149.94	128.37	59.80	55.76	12.22	46.83	47.35	2.85	16.60	0.84	0.030	11.50	3.59	0.31
92	460	0	90	35.87	151.89	130.30	60.93	56.38	12.41	47.25	48.25	2.76	17.46	0.84	0.029	9.66	3.30	0.34
92	470	0	90	39.24	149.48	127.14	62.45	58.82	12.97	47.92	42.74	2.78	15.38	0.84	0.028	7.70	2.77	0.36
102	470	0	90	32.25	139.46	118.39	57.62	54.53	11.93	45.56	39.38	2.79	14.10	0.83	0.026	8.93	2.60	0.29
102	460	0	90	40.25	135.25	115.59	56.41	51.94	11.32	44.50	38.81	2.87	13.54	0.83	0.027	8.39	2.90	0.35
102	450	0	90	30.11	138.60	117.99	55.46	52.54	11.49	44.42	41.64	2.54	16.42	0.84	0.027	12.31	3.33	0.27
102	440	0	90	36.24	147.38	126.15	58.45	54.47	11.91	45.51	47.41	2.62	18.13	0.84	0.030	13.62	3.90	0.29
102	430	0	90	43.31	155.86	133.73	62.01	57.83	12.66	47.47	50.57	2.90	17.44	0.84	0.032	13.19	4.16	0.32
102	420	0	90	39.75	156.93	133.72	65.90	61.29	13.42	49.12	46.52	3.03	15.38	0.84	0.032	11.48	4.15	0.36
102	410	0	90	40.27	154.14	130.56	67.50	63.08	13.73	49.98	41.07	3.07	13.36	0.83	0.030	10.01	3.70	0.37
102	400	0	90	40.42	156.51	132.27	66.64	63.40	13.72	50.55	42.56	2.95	14.45	0.83	0.030	10.65	3.68	0.35
102	390	0	90	40.59	148.74	125.50	68.12	62.72	13.51	50.59	35.42	3.19	11.10	0.82	0.028	9.21	3.15	0.34
102	380	0	90	38.40	144.26	121.53	65.64	61.11	13.10	50.08	33.07	3.02	10.97	0.82	0.027	7.92	2.93	0.37
102	370	0	90	35.80	142.79	120.27	61.21	58.20	12.38	48.74	35.86	2.81	12.74	0.83	0.027	9.68	3.30	0.34
102	360	0	90	38.68	146.54	124.62	62.28	57.77	12.23	47.93	40.83	2.94	13.88	0.83	0.029	11.65	3.89	0.33
102	350	0	90	39.03	155.85	133.18	61.86	57.91	12.27	48.15	49.79	2.76	18.03	0.84	0.032	14.62	4.60	0.31
102	340	0	90	46.72	164.34	141.38	64.82	59.50	12.54	49.11	55.73	3.15	17.68	0.84	0.035	16.07	5.06	0.31
102	330	0	90	41.24	163.80	139.53	65.90	62.36	13.20	49.82	51.62	2.83	18.25	0.84	0.033	12.72	4.59	0.36
102	320	0	90	44.35	155.30	131.32	69.85	64.79	13.74	50.36	40.14	2.88	13.93	0.83	0.030	10.71	3.56	0.33
102	310	0	90	39.38	148.91	124.78	69.96	65.47	13.90	49.90	33.54	2.94	11.40	0.82	0.027	7.75	2.83	0.37
102	300	0	90	45.36	156.89	132.58	70.99	66.22	14.09	49.76	40.91	2.91	14.07	0.83	0.030	9.98	3.10	0.31
102	290	0	90	40.19	158.35	133.72	69.46	65.82	14.02	49.40	43.13	3.00	14.39	0.83	0.031	8.53	3.16	0.37
102	280	0	90	37.24	157.00	132.89	68.21	64.33	13.73	48.79	43.87	2.81	15.64	0.83	0.030	10.19	3.35	0.33
102	270	0	90	44.11	161.41	137.90	66.46	62.08	13.29	48.35	50.98	2.87	17.76	0.84	0.033	11.02	3.67	0.33
102	260	0	90	37.40	155.84	132.69	63.91	60.63	13.05	47.35	47.86	2.51	19.08	0.84	0.031	10.95	3.49	0.32
102	250	0	90	38.53	148.34	126.67	63.19	57.91	12.49	46.24	44.19	2.67	16.55	0.84	0.030	10.22	3.24	0.32
102	240	0	90	40.79	149.98	128.65	61.50	56.67	12.28	45.47	47.84	2.65	18.07	0.84	0.031	11.03	3.23	0.29
102	230	0	90	40.37	146.64	124.69	62.05	58.32	12.70	45.46	42.86	2.73	15.69	0.83	0.029	10.07	2.93	0.29
102	220	0	90	38.10	154.33	131.30	66.14	61.38	13.40	46.72	46.24	2.48	18.67	0.84	0.029	10.37	3.05	0.29
102	210	0	90	43.65	157.85	134.10	68.36	64.15	14.03	47.56	46.15	2.76	16.71	0.83	0.031	9.95	3.11	0.31
112	210	0	90	37.13	150.70	127.95	66.13	61.77	13.47	46.42	42.51	2.61	16.26	0.83	0.029	8.39	2.88	0.34
112	220	0	90	31.13	144.26	121.70	61.78	59.19	12.89	45.40	39.67	2.31	17.14	0.83	0.026	10.57	2.80	0.26
112	230	0	90	36.49	141.69	119.82	60.21	57.32	12.38	44.98	39.39	2.62	15.02	0.83	0.027	10.20	2.85	0.28
112	240	0	90	38.73	139.38	118.71	59.23	54.84	11.77	44.36	40.19	2.58	15.58	0.83	0.027	10.19	3.08	0.30
112	250	0	90	34.90	139.79	118.98	60.82	55.75	11.95	44.91	39.12	2.54	15.40	0.84	0.026	10.70	3.17	0.30
112	260	0	90	36.90	149.65	126.82	61.65	58.92	12.61	46.35	44.38	2.51	17.67	0.84	0.028	12.47	3.64	0.29
112	270	0	90	40.75	155.37	132.44	68.30	62.39	13.35	47.54	45.44	2.52	18.04	0.83	0.031	11.75	3.70	0.32
112	280	0	90	35.33	153.92	130.16	67.34	63.01	13.46	47.96	42.95	2.53	16.97	0.84	0.029	11.38	3.47	0.30
112	290	0	90	40.05	154.99	131.05	68.18	64.11	13.65	48.71	42.17	2.82	14.95	0.83	0.029	9.10	3.34	0.37
112	300	0	90	37.58	148.61	124.73	69.57	64.89	13.77	49.22	34.50	2.81	12.28	0.82	0.027	8.68	2.81	0.32
112	310	0	90	38.37	147.27	123.83	67.96	63.26	13.41	49.17	34.84	2.82	12.35	0.82	0.027	9.08	2.98	0.33
112	320	0	90	39.82	156.04	132.04	65.09	61.93	13.10	49.14	44.97	2.79	16.09	0.84	0.030	10.90	3.88	0.36
112	330	0	90	41.36	155.32	132.19	63.52	59.44	12.56	48.21	47.66	2.91	16.37	0.84	0.031	12.73	4.31	0.34
112	340	0	90	42.04	155.13	133.12	59.92	55.96	11.83	47.10	52.07	2.84	18.33	0.84	0.033	14.59	4.64	0.32
112	350	0	90	42.22	149.17	127.89	59.91	55.29	11.74	46.37	47.52	2.99	15.87	0.84	0.031	13.87	4.24	0.31
112	360	0	90	34.33	142.60	121.32	58.10	54.67	11.59	46.64	41.29	2.86	14.42	0.84	0.028	11.27	3.64	0.32
112	370	0	90	35.57	142.86	121.01	62.42	57.75	12.36	48.00	37.12	2.75	13.51	0.83	0.027	9.56	3.29	0.34
112	380	0	90	37.27	144.56	121.37	66.41	61.72	13.31	49.66	33.17	2.93	11.32	0.82	0.026	8.49	2.91	0.34
112	390	0	90	39.60	145.31	121.98	66.96	62.71	13.57	49.98	32.62	3.12	10.46	0.82	0.026	7.60	2.84	0.37
112	400	0	90	36.27	147.97	124.88	66.03	61.69	13.38	49.66	36.62	3.20	11.43	0.82	0.028	9.37	3.27	0.35
112	410	0	90	35.09	154.33	130.82	66.19	62.12	13.56	49.36	42.85	2.65	16.17	0.84	0.029	11.74	3.84	0.33
112	420	0	90	36.38	155.34	131.57	64.34	61.22	13.41	48.77	45.35	2.77	16.40	0.84	0.030	12.30	4.07	0.33
112	430	0	90	40.66	151.16	128.41	62.45	59.25	12.99	47.28	44.63	2.86	15.60	0.84	0.030	11.68	3.97	0.34
112	440	0	90	32.97	141.38	120.15	58.76	55.08	12.05	45.60	40.69	2.76	14.76	0.83	0.027	10.20	3.41	0.33
112	450	0	90	30.60	134.33	114.26	55.05	51.79	11.28	44.12	38.42	2.61	14.74	0.83	0.026	8.94	2.92	0.33
112	460	0	90	36.81	130.44	111.35	54.92	50.60	10.95	43.53	36.30	2.73	13.32	0.83	0.026	7.90	2.60	0.33
112	470	0	90	35.66	133.53	113.47	55.15	52.07	11.29	43.88	37.58	2.68	14.03	0.83	0.025	7.36	2.49	0.34
122	470	0	90	37.57	149.53	128.62	56.66	53.48	11.55	44.65	51.40	2.65	19.42	0.85	0.030	9.86	2.98	0.30
122	460	0	90	36.96	143.50	123.30	57.97	53.31	11.55	44.85	45.35	2.91	15.60	0.84	0.029	8.47	2.92	0.35
122	450	0	90	36.45	146.27	125.00	60.48	56.01	12.22	46.03	44.23	2.67	16.58	0.84	0.029	11.14	3.17	0.28
122	440	0	90	38.73	154.07	131.54	64.42	59.69	13.07	48.07	46.31	3.00	15.44	0.84	0.031	11.00	3.71	0.34
122	430	0	90	37.69	158.68	134.92	67.02	62.63	13.73	49.89	46.16	2.85	16.21	0.84	0.031	12.63	4.08	0.32
122	420	0	90	42.81	159.36	134.97	69.01	64.78	14.20	51.11	43.47	3.07	14.15	0.83	0.032	11.41	4.06	0.36
122	410	0	90	34.71	156.88	132.07	68.90	65.31	14.31	51.43	40.14	2.80	14.32	0.83	0.028	11.38	3.75	0.33
122	400	0	90	44.90	155.92	131.82	71.81	66.08	14.38	51.98	37.87	3.34	11.34	0.82	0.031	9.36	3.61	0.39
122	390	0	90	34.86	152.13	127.45	70.13	65.82	14.28	52.11	34.21	2.88	11.89	0.82	0.026	9.71	3.13	0.32
122	380	0	90	38.86	150.56	126.90	68.61	63.76	13.70	51.70	35.10	3.15	11.13	0.82	0.028	9.34	3.09	0.33
122	370	0	90	38.42	152.11	128.55	63.68	60.66	12.93	50.50	40.95	2.93	13.97	0.83	0.029	11.70	3.66	0.31
122	360	0	90	39.35	152.14	130.08	64.38	58.45	12.40	49.25	44.44	2.91	15.27	0.84	0.031	11.62	4.07	0.35
122	350	0	90	42.04	151.98	129.35	60.92	57.46	12.11	48.45	46.08	2.86	16.12	0.84	0.030	13.02	4.47	0.34
122	340	0	90	38.67	156.32	133.78	62.05	57.63	12.13	48.74	49.95	2.99	16.71	0.84	0.032	13.59	4.83	0.36
122	330	0	90	43.53	159.03	135.40	63.48	60.00	12.64	49.19	49.84	3.01	16.56	0.84	0.032	14.11	4.59	0.33
122	320	0	90	45.01	158.32	134.57	66.88	62.39	13.14	49.97	45.96	3.30	13.91	0.84	0.031	10.76	4.14	0.39
122	310	0	90	41.13	152.48	128.25	67.21	63.93	13.50	49.94	38.61	2.84	13.59	0.83	0.028	11.31	3.46	0.31
122	300	0	90	36.65	148.60	124.52	66.42	63.26	13.39	49.19	36.15	2.80	12.91	0.83	0.026	10.20	3.14	0.31
122	290	0	90	40.28	152.82	129.06	67.71	63.22	13.37	48.99	40.61	2.79	14.55	0.83	0.029	9.44	3.39	0.36
122	280	0	90	37.25	157.84	133.89	65.23	62.03	13.18	48.16	47.66	2.65	17.99	0.84	0.030	12.52	3.93	0.31
122	270	0	90	41.66	156.45	133.49	63.84	59.97	12.78	47.03	49.45	2.64	18.72	0.84	0.031	11.99	4.08	0.34
122	260	0	90	38.45	151.16	129.12	61.54	57.51	12.26	45.82	47.82	2.69	17.78	0.84	0.031	12.25	3.98	0.32
122	250	0	90	39.05	146.39	125.00	60.78	56.49	12.07	45.12	44.78	2.64	16.93	0.84	0.030	11.33	3.71	0.33
122	240	0	90	40.89	142.29	121.34	60.93	56.17	12.05	44.50	41.62	2.84	14.64	0.84	0.028	10.19	3.18	0.31
122	230	0	90	32.30	143.35	121.31	60.01	57.35	12.42	44.56	41.44	2.50	16.59	0.84	0.027	10.51	2.92	0.28
122	220	0	90	36.92	149.43	127.09	64.35	60.02	13.07	45.43	43.98	2.44	18.01	0.84	0.029	11.06	3.02	0.27
122	210	0	90	38.94	160.53	136.96	67.88	63.37	13.85	46.42	50.74	2.37	21.39	0.84	0.031	11.93	3.44	0.29
132	210	0	90	40.34	164.90	140.63	70.49	65.39	14.27	47.46	52.05	2.54	20.49	0.84	0.032	10.55	3.27	0.31
132	220	0	90	42.11	160.78	137.24	67.42	62.93	13.69	46.68	51.16	2.60	19.66	0.84	0.032	11.27	3.38	0.30
132	230	0	90	40.40	154.56	132.23	64.86	59.86	12.92	46.03	48.67	2.69	18.12	0.84	0.031	11.08	3.35	0.30
132	240	0	90	39.63	150.08	127.94	62.75	58.45	12.55	46.02	45.60	2.76	16.54	0.84	0.030	10.68	3.44	0.32
132	250	0	90	32.74	150.99	127.83	62.46	59.85	12.84	46.41	44.73	2.63	17.03	0.84	0.028	12.95	3.82	0.30
132	260	0	90	38.95	157.31	133.49	63.13	60.81	12.98	47.73	48.76	2.68	18.18	0.84	0.031	13.47	4.40	0.33
132	270	0	90	38.09	162.19	138.05	65.77	62.41	13.27	49.18	50.61	2.83	17.87	0.84	0.033	13.10	4.48	0.34
132	280	0	90	42.65	167.44	142.62	69.82	65.01	13.77	50.64	51.78	3.16	16.37	0.84	0.033	13.37	4.60	0.34
132	290	0	90	44.49	163.41	138.79	71.62	66.10	13.97	51.58	45.74	3.35	13.66	0.83	0.032	11.50	4.07	0.35
132	300	0	90	44.36	160.26	135.33	71.61	66.53	14.04	52.35	41.38	3.14	13.16	0.83	0.030	10.37	3.86	0.37
132	310	0	90	40.70	161.73	135.73	70.46	67.24	14.18	52.88	41.61	2.97	14.02	0.83	0.030	11.31	3.89	0.34
132	320	0	90	43.93	164.41	139.26	69.92	65.59	13.80	52.62	46.21	3.17	14.56	0.83	0.032	10.99	4.36	0.40
132	330	0	90	42.13	167.72	143.14	67.05	62.94	13.23	51.78	53.01	3.02	17.56	0.84	0.034	13.87	5.18	0.37
132	340	0	90	41.51	172.62	147.60	65.55	62.32	13.10	51.90	58.40	3.15	18.56	0.85	0.036	15.25	5.75	0.38
132	350	0	90	44.01	173.57	148.65	67.64	63.39	13.34	52.53	57.64	3.15	18.31	0.84	0.037	15.81	5.68	0.36
132	360	0	90	43.21	168.98	143.88	68.71	64.40	13.63	52.71	51.87	3.22	16.13	0.84	0.034	13.75	4.98	0.36
132	370	0	90	36.18	165.81	140.30	69.71	65.94	14.07	53.58	46.30	2.89	16.03	0.84	0.031	12.58	4.29	0.34
132	380	0	90	39.24	161.05	134.82	72.75	68.86	14.82	54.50	37.69	3.22	11.70	0.82	0.029	10.23	3.51	0.34
132	390	0	90	44.76	161.93	136.36	74.82	69.30	14.99	54.38	38.26	3.40	11.27	0.82	0.030	9.94	3.72	0.37
132	400	0	90	38.01	163.80	137.63	73.28	69.21	15.06	54.16	40.42	3.00	13.49	0.83	0.030	10.23	3.71	0.36
132	410	0	90	42.28	169.44	142.86	73.67	69.76	15.23	54.49	45.19	3.04	14.85	0.83	0.032	12.91	4.36	0.34
132	420	0	90	45.97	171.25	145.28	74.21	69.04	15.13	54.01	48.20	3.25	14.84	0.83	0.034	11.64	4.60	0.40
132	430	0	90	42.15	170.94	145.57	71.03	66.68	14.64	52.80	51.47	2.95	17.45	0.84	0.034	12.26	4.45	0.36
132	440	0	90	36.40	166.50	142.02	66.89	63.18	13.84	50.89	52.43	2.95	17.75	0.84	0.033	12.50	4.10	0.33
132	450	0	90	40.36	160.11	136.79	64.23	60.61	13.21	49.38	50.12	3.09	16.24	0.84	0.032	9.74	3.44	0.35
132	460	0	90	39.57	165.99	143.31	63.22	58.74	12.74	47.89	59.35	2.78	21.33	0.85	0.034	10.25	3.49	0.34
132	470	0	90	36.90	162.60	140.33	60.65	57.17	12.32	46.88	58.55	2.75	21.26	0.85	0.033	8.56	2.94	0.34
142	470	0	90	43.36	173.51	149.71	67.16	62.15	13.37	50.47	60.89	3.23	18.83	0.84	0.036	8.68	3.23	0.37
142	460	0	90	46.86	170.05	145.77	69.81	64.98	14.10	51.94	53.13	3.51	15.12	0.84	0.035	8.40	3.31	0.39
142	450	0	90	45.85	173.55	148.09	70.56	66.61	14.54	53.24	53.71	3.11	17.26	0.84	0.035	9.84	3.70	0.38
142	440	0	90	47.94	178.61	152.51	74.10	68.95	15.19	54.89	54.76	3.21	17.08	0.84	0.037	12.98	4.43	0.34
142	430	0	90	40.49	180.73	152.73	75.05	72.41	16.00	56.46	51.86	3.12	16.63	0.84	0.034	12.43	4.64	0.37
142	420	0	90	46.24	188.20	159.95	80.19	74.60	16.43	58.05	55.55	3.59	15.49	0.84	0.037	12.98	5.22	0.40
142	410	0	90	46.74	190.99	161.92	80.58	76.27	16.73	59.15	55.58	3.36	16.54	0.84	0.038	13.04	5.34	0.41
142	400	0	90	46.15	183.55	154.80	80.91	75.99	16.58	59.45	48.11	3.36	14.33	0.83	0.035	11.53	4.65	0.40
142	390	0	90	43.25	183.45	154.39	80.45	75.99	16.48	59.57	47.89	3.07	15.62	0.83	0.034	11.76	4.84	0.41
142	380	0	90	45.38	182.17	153.16	80.64	76.24	16.43	59.08	46.85	3.36	13.95	0.83	0.034	12.10	4.65	0.38
142	370	0	90	46.31	185.51	157.14	79.57	74.61	15.97	58.88	52.02	3.57	14.56	0.83	0.036	11.34	5.06	0.45
142	360	0	90	48.91	186.73	159.16	76.99	71.79	15.20	57.92	57.02	3.44	16.58	0.84	0.038	14.03	5.73	0.41
142	350	0	90	50.15	189.59	162.55	75.84	70.04	14.70	56.85	62.70	3.48	18.04	0.84	0.040	15.68	6.47	0.41
142	340	0	90	49.93	186.43	159.68	74.12	68.85	14.38	56.36	61.23	3.83	15.99	0.84	0.040	15.17	6.65	0.44
142	330	0	90	47.77	184.07	157.03	74.09	69.31	14.48	56.22	58.54	3.64	16.07	0.84	0.038	15.54	6.42	0.41
142	320	0	90	43.83	177.03	149.95	76.33	70.93	14.88	56.58	49.51	3.56	13.93	0.83	0.035	12.56	5.16	0.41
142	310	0	90	46.35	176.92	149.13	78.03	73.25	15.42	57.19	46.48	3.50	13.28	0.83	0.034	11.22	4.62	0.41
142	300	0	90	45.90	180.00	152.29	77.45	72.87	15.39	56.73	50.41	3.45	14.61	0.84	0.035	12.33	4.97	0.40
142	290	0	90	47.53	181.15	154.12	76.97	71.42	15.11	55.64	54.08	3.35	16.16	0.84	0.037	12.96	5.06	0.39
142	280	0	90	47.48	181.01	154.24	74.47	69.67	14.79	54.28	57.06	3.35	17.04	0.84	0.037	13.51	5.29	0.39
142	270	0	90	45.06	176.64	150.62	71.67	67.60	14.41	52.50	56.54	3.15	17.92	0.84	0.036	14.68	5.03	0.34
142	260	0	90	38.55	163.24	138.68	69.25	64.87	13.84	50.54	47.83	2.94	16.28	0.84	0.032	12.78	4.23	0.33
142	250	0	90	39.06	157.82	133.83	66.96	62.89	13.50	48.94	45.98	2.82	16.31	0.84	0.030	11.76	3.96	0.34
142	240	0	90	40.51	162.38	138.85	67.81	62.64	13.50	48.27	51.48	2.76	18.68	0.84	0.032	11.08	3.67	0.33
142	230	0	90	43.99	161.38	137.75	68.87	63.71	13.77	48.27	49.40	2.72	18.15	0.84	0.032	9.48	3.33	0.35
142	220	0	90	40.20	167.23	142.27	70.92	66.83	14.48	48.71	51.69	2.69	19.22	0.84	0.032	9.94	3.18	0.32
142	210	0	90	44.55	177.18	151.65	72.01	68.17	14.79	49.30	59.71	2.78	21.50	0.84	0.036	10.47	3.46	0.33
152	210	0	90	50.19	190.74	164.11	76.62	71.15	15.41	51.61	67.98	2.83	24.06	0.85	0.040	11.62	4.03	0.35
152	220	0	90	45.76	179.46	153.10	73.89	70.11	15.16	51.19	58.16	2.95	19.71	0.84	0.036	10.07	3.62	0.36
152	230	0	90	43.80	170.49	145.41	72.64	67.84	14.65	50.97	51.69	2.96	17.46	0.84	0.033	9.80	3.41	0.35
152	240	0	90	44.00	171.22	145.74	71.81	67.35	14.52	51.43	52.44	3.04	17.28	0.84	0.034	10.39	3.70	0.36
152	250	0	90	40.12	167.12	141.16	70.93	67.77	14.57	52.66	46.69	2.95	15.83	0.84	0.031	11.51	3.95	0.34
152	260	0	90	44.07	179.71	152.93	75.21	70.48	15.05	55.05	54.19	3.16	17.16	0.84	0.036	13.32	4.79	0.36
152	270	0	90	42.69	188.52	159.76	76.92	73.68	15.70	57.31	57.54	3.26	17.64	0.84	0.037	12.83	5.08	0.40
152	280	0	90	49.26	199.61	169.80	81.58	77.01	16.33	59.63	62.97	3.42	18.39	0.84	0.040	13.25	5.88	0.44
152	290	0	90	51.31	203.55	173.67	83.64	77.83	16.39	60.96	64.75	3.91	16.54	0.84	0.042	13.71	6.06	0.44
152	300	0	90	52.61	203.40	173.14	87.19	80.49	16.88	62.50	60.40	3.84	15.75	0.84	0.041	12.87	5.93	0.46
152	310	0	90	51.47	195.54	165.05	86.86	81.17	16.97	62.52	51.84	3.95	13.14	0.83	0.038	11.39	5.27	0.46
152	320	0	90	50.84	195.14	165.14	83.97	78.70	16.37	62.23	54.22	3.77	14.39	0.83	0.039	12.92	5.77	0.45
152	330	0	90	53.35	198.95	168.79	81.44	77.31	16.07	61.65	59.99	3.63	16.51	0.84	0.041	15.09	6.67	0.44
152	340	0	90	52.41	199.53	169.86	82.17	76.75	15.98	61.42	61.36	3.87	15.87	0.84	0.041	14.78	6.83	0.46
152	350	0	90	51.86	203.66	173.51	84.14	78.51	16.41	62.16	62.99	4.02	15.67	0.84	0.043	14.06	6.67	0.47
152	360	0	90	53.68	207.18	176.75	87.56	80.73	17.06	63.48	62.97	4.03	15.61	0.84	0.043	14.11	6.47	0.46
152	370	0	90	51.80	201.47	170.40	88.00	82.42	17.59	64.31	54.74	3.87	14.13	0.83	0.039	11.76	5.39	0.46
152	380	0	90	50.92	204.87	173.35	89.11	83.41	17.95	64.44	57.01	3.99	14.29	0.83	0.040	12.83	5.53	0.43
152	390	0	90	50.64	205.03	172.99	90.20	84.87	18.39	64.76	55.40	3.61	15.35	0.83	0.039	12.68	5.27	0.42
152	400	0	90	50.89	201.12	170.11	88.92	83.40	18.16	64.33	53.39	4.07	13.11	0.83	0.039	11.87	5.30	0.45
152	410	0	90	54.73	204.99	174.06	87.90	82.23	18.02	63.27	59.49	3.82	15.57	0.83	0.042	14.12	5.92	0.42
152	420	0	90	46.95	199.21	168.94	83.79	79.06	17.37	61.64	58.51	3.62	16.15	0.84	0.038	11.76	5.15	0.44
152	430	0	90	42.37	185.84	157.06	79.11	74.85	16.47	59.32	51.67	3.43	15.08	0.84	0.035	11.65	4.59	0.39
152	440	0	90	46.56	185.86	158.10	77.96	73.08	16.06	58.33	54.46	3.56	15.28	0.84	0.036	10.91	4.20	0.39
152	450	0	90	46.89	184.17	156.90	77.85	72.50	15.89	57.69	53.99	3.38	15.96	0.83	0.036	9.42	3.65	0.39
152	460	0	90	45.48	182.09	155.20	75.11	70.57	15.37	56.34	55.19	3.30	16.71	0.84	0.035	8.62	3.45	0.40
152	470	0	90	41.36	180.69	154.40	73.22	68.81	14.92	55.00	56.88	3.00	18.96	0.84	0.035	9.22	3.36	0.36
162	470	0	90	48.53	190.01	161.69	82.35	76.42	16.58	60.09	53.50	3.60	14.85	0.83	0.037	8.08	3.42	0.42
162	460	0	90	49.55	194.69	165.50	83.56	77.93	17.01	61.36	55.39	3.81	14.55	0.83	0.037	8.50	3.61	0.42
162	450	0	90	46.33	191.19	161.72	83.08	78.22	17.16	62.05	50.92	3.75	13.57	0.83	0.035	8.76	3.57	0.41
162	440	0	90	46.84	190.58	161.16	83.62	78.41	17.21	62.79	49.38	3.66	13.48	0.83	0.036	8.66	3.84	0.44
162	430	0	90	50.73	201.28	170.69	85.54	80.54	17.69	64.11	56.63	3.70	15.31	0.83	0.039	10.08	4.48	0.44
162	420	0	90	49.77	206.73	174.76	88.76	84.17	18.46	65.70	56.86	3.76	15.11	0.83	0.040	11.00	4.99	0.45
162	410	0	90	57.64	212.78	180.30	94.23	87.50	19.14	67.29	57.99	4.29	13.52	0.83	0.042	12.62	5.65	0.45
162	400	0	90	56.74	218.47	184.85	95.04	89.20	19.34	68.81	60.47	4.05	14.92	0.83	0.043	11.32	5.61	0.50
162	390	0	90	63.77	219.11	185.54	98.21	91.15	19.70	69.44	58.52	4.46	13.11	0.83	0.044	10.52	5.62	0.53
162	380	0	90	65.55	223.12	189.38	98.98	91.17	19.62	69.46	62.49	4.44	14.06	0.83	0.045	12.04	6.06	0.50
162	370	0	90	55.27	219.60	185.43	96.38	90.60	19.32	69.64	59.36	4.17	14.22	0.83	0.043	10.78	5.79	0.54
162	360	0	90	56.29	220.86	187.30	94.00	88.01	18.53	68.50	64.35	4.16	15.46	0.84	0.045	13.22	6.61	0.50
162	350	0	90	56.24	217.31	184.28	91.38	85.85	17.91	67.02	64.44	4.09	15.75	0.84	0.044	14.37	6.88	0.48
162	340	0	90	59.93	212.83	180.39	91.92	85.65	17.78	66.87	60.30	4.33	13.93	0.84	0.042	13.20	6.35	0.48
162	330	0	90	56.02	212.13	178.80	92.48	87.09	18.05	67.40	57.65	3.92	14.69	0.83	0.041	13.55	6.24	0.46
162	320	0	90	52.02	209.02	175.89	92.41	86.90	18.04	67.48	54.64	3.99	13.70	0.83	0.039	11.67	5.62	0.48
162	310	0	90	52.81	211.59	178.18	93.45	87.92	18.35	67.63	56.04	4.06	13.79	0.83	0.040	12.69	5.74	0.45
162	300	0	90	58.99	217.06	183.79	94.79	88.45	18.54	67.67	60.95	4.21	14.46	0.83	0.043	13.48	6.15	0.46
162	290	0	90	57.46	216.50	184.33	93.12	86.15	18.13	66.30	64.05	3.90	16.44	0.84	0.044	13.48	6.12	0.45
162	280	0	90	55.26	218.82	186.52	90.04	84.54	17.97	64.50	69.77	3.85	18.14	0.84	0.045	13.80	6.42	0.47
162	270	0	90	51.77	204.13	173.83	88.15	81.36	17.39	61.99	60.78	3.59	16.92	0.84	0.041	12.94	5.34	0.41
162	260	0	90	46.19	191.20	162.09	84.92	78.55	16.87	59.53	53.12	3.30	16.11	0.83	0.037	11.83	4.43	0.37
162	250	0	90	46.95	179.07	151.08	79.74	74.94	16.17	56.66	47.46	3.21	14.80	0.83	0.034	10.39	3.85	0.37
162	240	0	90	44.89	173.29	146.09	76.76	72.72	15.74	54.66	45.91	3.31	13.87	0.83	0.032	9.69	3.43	0.35
162	230	0	90	44.07	176.33	149.09	78.84	73.76	15.98	54.69	47.88	3.22	14.89	0.83	0.033	8.94	3.29	0.37
162	220	0	90	50.55	188.04	160.70	81.96	75.17	16.27	54.78	58.09	3.00	19.38	0.84	0.037	10.88	3.60	0.33
162	210	0	90	49.60	198.56	169.80	80.60	76.48	16.56	54.79	67.29	3.10	21.68	0.84	0.040	11.80	4.08	0.35
172	210	0	90	48.58	196.92	166.81	87.52	81.84	17.74	58.22	56.86	3.08	18.44	0.84	0.038	10.08	3.72	0.37
172	220	0	90	54.12	190.17	160.75	88.09	81.65	17.72	58.60	49.92	3.39	14.75	0.83	0.036	8.29	3.32	0.40
172	230	0	90	45.50	182.61	152.87	85.69	80.93	17.59	58.51	43.17	3.24	13.32	0.82	0.033	7.83	3.21	0.41
172	240	0	90	45.56	175.39	146.98	83.67	78.12	16.98	58.10	39.17	3.29	11.92	0.82	0.031	7.71	3.03	0.39
172	250	0	90	48.20	183.35	154.26	84.59	79.24	17.11	60.16	43.95	3.66	12.02	0.82	0.034	9.08	3.67	0.40
172	260	0	90	52.38	195.87	164.56	90.39	84.71	18.21	63.84	47.32	3.78	12.52	0.82	0.036	9.30	4.16	0.45
172	270	0	90	50.08	212.16	178.98	93.65	88.35	18.91	66.38	57.42	3.71	15.47	0.83	0.040	11.30	5.19	0.46
172	280	0	90	59.85	225.30	191.13	98.10	91.52	19.46	69.09	64.70	4.35	14.87	0.83	0.046	13.29	6.31	0.48
172	290	0	90	58.55	226.16	190.18	99.83	94.81	20.03	71.45	59.90	4.06	14.77	0.83	0.043	12.40	5.78	0.47
172	300	0	90	60.41	232.13	195.97	106.15	98.17	20.59	73.72	60.24	4.01	15.03	0.83	0.044	12.34	5.90	0.48
172	310	0	90	62.98	228.97	192.14	104.20	98.24	20.49	74.12	56.61	4.51	12.55	0.83	0.042	10.99	5.73	0.52
172	320	0	90	63.08	224.85	189.22	104.22	96.59	20.08	73.54	54.72	4.29	12.76	0.83	0.042	10.29	5.48	0.53
172	330	0	90	66.51	226.69	191.13	102.11	95.67	19.82	72.83	58.19	4.86	11.97	0.83	0.044	11.73	6.34	0.54
172	340	0	90	65.21	225.33	190.51	99.60	93.53	19.41	72.17	59.62	4.28	13.92	0.83	0.044	12.72	6.25	0.49
172	350	0	90	56.33	226.26	190.30	99.51	94.36	19.72	72.31	59.59	3.99	14.93	0.83	0.044	12.39	6.36	0.51
172	360	0	90	64.82	230.99	194.78	103.60	96.77	20.39	73.45	60.77	3.93	15.46	0.83	0.044	14.70	6.47	0.44
172	370	0	90	61.53	233.77	196.97	102.15	96.64	20.56	74.17	62.95	4.52	13.93	0.83	0.045	11.12	6.04	0.54
172	380	0	90	53.68	235.66	198.97	103.56	97.48	20.93	73.95	64.23	4.41	14.57	0.83	0.045	10.76	6.08	0.57
172	390	0	90	62.87	238.82	201.47	103.11	98.60	21.28	74.40	65.81	4.89	13.46	0.83	0.046	11.85	6.09	0.51
172	400	0	90	64.96	236.60	200.86	103.76	96.65	20.96	73.70	66.25	4.51	14.70	0.83	0.048	11.12	5.82	0.52
172	410	0	90	51.34	225.91	190.17	99.35	94.46	20.68	72.14	59.32	4.36	13.60	0.83	0.042	10.50	5.33	0.51
172	420	0	90	51.21	215.77	181.12	97.32	92.12	20.28	70.90	52.75	3.80	13.88	0.83	0.039	10.09	4.60	0.46
172	430	0	90	52.47	210.01	177.39	95.15	88.64	19.55	69.22	52.15	4.06	12.86	0.82	0.040	8.32	4.19	0.50
172	440	0	90	53.32	199.79	167.96	91.92	86.00	18.93	67.81	45.98	4.28	10.74	0.82	0.037	7.34	3.59	0.49
172	450	0	90	51.87	195.59	164.54	90.66	84.36	18.55	66.59	44.64	4.01	11.14	0.82	0.035	7.16	3.30	0.46
172	460	0	90	46.42	194.73	163.56	87.59	83.08	18.17	65.03	46.62	3.64	12.80	0.82	0.035	7.67	3.29	0.43
172	470	0	90	47.16	195.52	165.33	87.33	81.39	17.67	63.89	50.25	3.82	13.17	0.83	0.037	7.87	3.54	0.45
182	470	0	90	53.02	198.96	167.08	92.42	86.16	18.68	67.78	45.02	4.12	10.93	0.82	0.035	7.43	3.43	0.46
182	460	0	90	51.77	197.96	165.91	92.63	86.83	19.00	68.83	42.31	4.23	10.01	0.81	0.035	6.62	3.18	0.48
182	450	0	90	59.33	203.44	170.50	97.28	90.19	19.94	70.94	42.32	4.32	9.80	0.81	0.035	6.54	3.24	0.50
182	440	0	90	58.95	208.30	174.49	100.40	92.78	20.52	72.53	42.99	4.51	9.53	0.81	0.036	6.12	3.30	0.54
182	430	0	90	49.15	216.22	180.99	102.11	95.39	21.09	73.55	47.27	4.21	11.23	0.82	0.037	7.99	3.88	0.49
182	420	0	90	57.00	229.79	192.98	106.38	99.82	21.95	75.86	54.10	4.34	12.46	0.82	0.042	9.42	4.61	0.49
182	410	0	90	51.81	239.74	201.56	109.27	102.46	22.47	77.21	60.07	4.20	14.31	0.83	0.044	10.22	5.47	0.54
182	400	0	90	68.59	248.34	210.32	111.19	103.52	22.47	78.51	66.31	4.43	14.96	0.83	0.048	11.58	5.85	0.51
182	390	0	90	64.80	249.40	210.22	113.01	105.49	22.77	78.91	65.00	4.56	14.24	0.83	0.046	9.87	5.72	0.58
182	380	0	90	62.57	246.95	207.89	109.89	103.48	22.13	78.60	64.87	4.71	13.78	0.83	0.048	10.74	5.83	0.54
182	370	0	90	66.33	245.51	206.67	107.71	101.88	21.61	78.01	65.62	4.29	15.29	0.83	0.047	12.88	6.24	0.48
182	360	0	90	61.99	242.92	204.95	110.72	102.56	21.59	77.49	62.87	4.47	14.06	0.83	0.046	11.55	6.27	0.54
182	350	0	90	59.93	234.81	197.51	104.63	98.71	20.58	76.19	59.91	4.26	14.05	0.83	0.043	12.30	5.99	0.49
182	340	0	90	66.17	231.97	196.11	109.39	99.45	20.64	75.80	56.71	4.74	11.96	0.82	0.045	10.65	5.74	0.54
182	330	0	90	57.77	234.96	196.75	108.83	102.37	21.24	76.94	55.64	4.33	12.84	0.82	0.043	11.10	5.65	0.51
182	320	0	90	55.35	235.63	196.48	111.19	104.98	21.86	78.29	52.35	4.30	12.17	0.82	0.041	9.98	5.12	0.51
182	310	0	90	62.12	240.82	201.19	113.52	107.32	22.49	79.17	54.33	4.72	11.52	0.82	0.044	10.13	5.47	0.54
182	300	0	90	62.73	243.98	204.26	112.22	106.05	22.30	78.66	59.28	4.48	13.23	0.83	0.044	10.75	5.77	0.54
182	290	0	90	59.36	237.20	198.77	108.26	102.38	21.66	76.08	58.73	4.28	13.72	0.83	0.043	10.68	5.77	0.54
182	280	0	90	59.98	226.56	189.91	103.18	98.20	20.88	73.49	54.87	4.69	11.69	0.82	0.043	9.48	5.39	0.57
182	270	0	90	46.06	215.87	180.47	100.90	95.55	20.51	70.78	49.54	4.31	11.50	0.82	0.039	8.67	4.55	0.53
182	260	0	90	58.41	207.50	173.99	98.10	91.38	19.71	68.31	47.81	3.91	12.23	0.82	0.038	10.03	4.18	0.42
182	250	0	90	47.88	191.41	160.05	91.95	86.07	18.67	64.37	40.97	3.65	11.21	0.82	0.033	7.71	3.32	0.43
182	240	0	90	48.37	182.17	152.00	88.68	83.05	18.09	61.67	37.44	3.43	10.92	0.81	0.031	6.55	2.87	0.44
182	230	0	90	54.27	185.82	155.84	91.51	84.47	18.39	61.10	40.26	3.66	10.99	0.81	0.034	7.41	3.00	0.40
182	220	0	90	48.11	192.51	161.20	90.50	85.78	18.67	61.15	45.58	3.52	12.93	0.82	0.034	8.87	3.27	0.37
182	210	0	90	53.47	199.24	167.67	93.37	87.65	19.09	61.14	50.46	3.36	15.02	0.83	0.037	8.79	3.53	0.40
192	210	0	90	64.91	199.93	167.77	98.16	91.02	19.86	63.35	45.56	3.75	12.14	0.81	0.038	7.08	3.22	0.46
192	220	0	90	49.40	189.84	158.30	95.05	87.99	19.24	62.68	39.18	3.15	12.45	0.81	0.032	7.23	2.88	0.40
192	230	0	90	50.17	187.17	156.02	92.42	86.58	18.94	62.97	37.62	3.48	10.80	0.81	0.032	6.65	2.80	0.42
192	240	0	90	52.13	188.16	157.38	93.41	86.49	18.88	64.08	37.58	3.85	9.76	0.81	0.033	6.18	2.88	0.47
192	250	0	90	51.97	196.11	163.73	96.83	90.18	19.65	66.86	39.07	3.62	10.80	0.81	0.033	6.81	3.02	0.44
192	260	0	90	53.63	210.13	175.22	98.43	93.87	20.30	70.03	46.23	3.98	11.62	0.82	0.037	8.21	4.08	0.50
192	270	0	90	64.08	222.24	186.52	104.69	97.87	20.95	73.53	50.83	4.36	11.66	0.82	0.040	10.58	4.58	0.43
192	280	0	90	51.18	237.30	197.99	108.04	103.54	22.04	76.70	57.05	4.08	13.98	0.82	0.043	9.67	5.56	0.57
192	290	0	90	63.92	246.47	206.95	115.69	107.65	22.80	78.97	59.86	4.48	13.37	0.83	0.046	11.66	6.05	0.52
192	300	0	90	55.56	250.16	208.54	116.35	110.34	23.22	81.34	58.48	4.11	14.24	0.82	0.045	13.63	6.02	0.44
192	310	0	90	67.36	247.95	207.17	118.95	111.69	23.40	81.85	54.41	5.06	10.75	0.82	0.045	9.04	5.44	0.60
192	320	0	90	64.53	242.24	202.15	115.63	108.48	22.58	81.43	52.33	5.18	10.11	0.82	0.043	8.43	5.03	0.60
192	330	0	90	63.32	240.50	201.60	115.24	106.65	22.09	79.93	53.91	4.65	11.60	0.82	0.044	9.30	5.24	0.56
192	340	0	90	60.14	241.72	202.21	110.04	104.49	21.69	79.08	58.14	4.54	12.80	0.83	0.043	10.61	5.72	0.54
192	350	0	90	69.29	243.39	204.97	111.08	103.18	21.45	79.32	60.88	4.79	12.71	0.83	0.046	10.46	5.87	0.56
192	360	0	90	64.22	245.35	205.86	113.01	106.09	22.27	80.20	59.05	4.67	12.64	0.82	0.046	10.20	5.66	0.55
192	370	0	90	71.88	250.23	211.21	114.83	106.32	22.47	81.16	62.75	4.86	12.90	0.82	0.049	10.80	6.15	0.57
192	380	0	90	58.42	257.64	216.32	112.73	107.75	22.99	81.58	68.30	4.74	14.42	0.83	0.048	11.98	6.62	0.55
192	390	0	90	74.93	265.28	223.93	117.91	111.00	23.87	82.93	71.35	5.33	13.38	0.83	0.052	11.01	6.81	0.62
192	400	0	90	73.44	269.35	227.99	117.32	110.38	24.00	82.94	76.03	4.92	15.44	0.84	0.053	13.74	7.37	0.54
192	410	0	90	67.02	255.61	215.99	117.60	108.14	23.67	81.27	66.20	4.79	13.83	0.83	0.049	10.74	6.27	0.58
192	420	0	90	59.54	236.16	197.55	109.77	103.75	22.88	78.89	53.52	4.23	12.66	0.82	0.042	9.39	4.73	0.50
192	430	0	90	54.89	224.41	187.82	104.53	98.85	21.86	76.62	48.95	4.03	12.13	0.82	0.040	8.08	4.17	0.52
192	440	0	90	55.25	214.08	178.81	101.55	95.61	21.20	74.60	43.87	4.32	10.15	0.81	0.036	7.28	3.47	0.48
192	450	0	90	57.46	207.62	174.28	100.50	92.11	20.38	72.92	42.58	4.11	10.36	0.81	0.036	7.15	3.26	0.46
192	460	0	90	47.98	205.08	170.30	94.70	91.20	20.08	71.51	42.38	3.99	10.61	0.81	0.034	6.59	3.19	0.48
192	470	0	90	45.56	203.55	171.19	98.19	89.51	19.54	70.35	43.69	3.80	11.51	0.81	0.037	7.31	3.37	0.46
202	470	0	90	47.37	206.61	172.85	96.34	90.60	19.84	71.03	44.98	3.85	11.69	0.82	0.036	7.59	3.19	0.42
202	460	0	90	55.82	206.96	173.23	97.12	91.15	20.09	71.85	43.96	3.99	11.03	0.82	0.036	6.54	3.18	0.49
202	450	0	90	54.11	209.61	174.97	97.87	93.04	20.58	73.21	43.36	4.16	10.42	0.81	0.036	7.17	3.34	0.47
202	440	0	90	56.65	217.22	181.95	101.81	95.44	21.17	74.92	46.85	4.18	11.21	0.82	0.038	7.60	3.92	0.52
202	430	0	90	56.40	227.66	191.16	106.36	99.12	21.97	77.14	51.40	3.93	13.09	0.82	0.041	8.86	4.71	0.53
202	420	0	90	59.83	241.18	202.87	113.95	105.03	23.17	80.01	56.14	4.62	12.15	0.82	0.045	9.92	5.30	0.53
202	410	0	90	63.07	256.34	215.54	115.02	108.96	23.88	82.31	65.06	4.68	13.90	0.83	0.048	10.94	6.69	0.61
202	400	0	90	71.69	260.23	219.03	119.56	111.98	24.34	83.75	64.49	5.23	12.33	0.82	0.050	11.94	6.64	0.56
202	390	0	90	70.78	262.30	220.42	120.50	112.83	24.36	83.89	65.58	4.87	13.46	0.82	0.051	10.42	6.72	0.65
202	380	0	90	69.47	256.53	216.11	120.08	110.36	23.54	82.83	63.34	4.91	12.90	0.83	0.048	11.66	6.16	0.53
202	370	0	90	65.07	253.12	211.99	112.44	108.12	22.88	81.70	63.30	4.66	13.59	0.83	0.047	10.44	6.27	0.60
202	360	0	90	72.94	255.39	214.73	115.32	108.33	22.69	81.41	65.66	4.94	13.29	0.83	0.048	12.59	6.53	0.52
202	350	0	90	74.06	245.43	206.74	113.72	106.08	22.07	80.28	59.08	5.10	11.58	0.82	0.047	10.86	5.74	0.53
202	340	0	90	69.63	243.85	204.24	110.96	105.41	21.84	79.80	58.65	4.98	11.79	0.82	0.045	10.41	5.94	0.57
202	330	0	90	61.41	245.70	205.40	114.64	108.10	22.44	80.75	56.85	4.30	13.23	0.82	0.044	9.98	5.59	0.56
202	320	0	90	63.13	250.38	209.45	117.83	110.57	23.08	82.04	57.77	4.85	11.90	0.82	0.045	10.80	5.73	0.53
202	310	0	90	66.56	253.41	211.67	119.80	112.75	23.70	82.61	58.04	4.96	11.69	0.82	0.046	10.26	5.76	0.56
202	300	0	90	60.65	248.94	208.34	116.99	110.32	23.31	80.67	57.95	4.35	13.31	0.82	0.046	10.32	5.68	0.55
202	290	0	90	69.41	243.81	205.35	115.02	105.94	22.47	77.87	60.00	4.92	12.20	0.82	0.047	11.90	6.00	0.50
202	280	0	90	60.44	233.24	196.68	110.34	101.25	21.61	75.31	56.68	4.72	12.02	0.82	0.045	10.90	5.56	0.51
202	270	0	90	51.86	217.74	181.91	101.74	96.68	20.81	72.02	49.04	3.91	12.54	0.82	0.038	8.64	4.33	0.50
202	260	0	90	56.40	206.25	172.31	100.81	93.50	20.26	69.70	43.05	4.09	10.52	0.81	0.036	6.73	3.63	0.54
202	250	0	90	57.49	195.79	163.90	96.64	89.68	19.59	66.75	39.37	4.07	9.68	0.81	0.034	6.85	3.13	0.46
202	240	0	90	45.89	191.23	158.59	93.49	88.47	19.47	64.87	37.89	3.42	11.09	0.81	0.032	6.96	2.91	0.42
202	230	0	90	57.29	190.16	158.17	94.17	88.52	19.48	63.80	37.83	3.14	12.07	0.81	0.032	6.76	2.74	0.41
202	220	0	90	66.09	192.84	161.40	96.27	89.88	19.75	63.24	39.72	3.88	10.25	0.81	0.034	6.52	2.85	0.44
202	210	0	90	46.67	196.21	163.37	96.85	91.60	20.08	63.46	41.16	3.62	11.37	0.82	0.032	5.81	2.84	0.49
212	210	0	90	49.13	194.08	161.74	94.95	89.17	19.62	61.98	42.93	3.20	13.40	0.82	0.032	7.23	2.83	0.39
212	220	0	90	48.36	190.73	160.02	95.47	87.57	19.33	61.89	41.26	3.40	12.14	0.82	0.033	6.96	2.81	0.40
212	230	0	90	51.18	189.85	158.58	92.76	87.29	19.29	62.60	39.97	3.55	11.25	0.81	0.034	6.24	2.86	0.46
212	240	0	90	51.20	188.46	157.39	92.75	86.42	19.04	63.66	38.38	3.49	11.01	0.81	0.032	6.45	2.93	0.45
212	250	0	90	53.01	192.98	161.68	95.17	87.63	19.12	65.57	39.78	3.98	9.98	0.81	0.034	7.60	3.21	0.42
212	260	0	90	48.11	203.99	170.55	96.54	91.11	19.76	68.03	44.85	3.68	12.17	0.82	0.036	9.16	3.88	0.42
212	270	0	90	53.12	216.15	180.43	98.23	94.23	20.27	70.50	51.43	3.72	13.81	0.83	0.038	12.01	4.57	0.38
212	280	0	90	54.33	227.25	190.16	101.96	97.61	20.85	73.07	56.56	4.13	13.71	0.83	0.042	11.57	5.36	0.46
212	290	0	90	66.03	239.78	201.80	114.04	105.02	22.35	76.52	58.24	4.76	12.24	0.82	0.045	9.65	5.54	0.57
212	300	0	90	62.38	251.94	211.64	118.72	110.32	23.38	80.19	61.43	4.73	12.98	0.82	0.049	10.51	6.02	0.57
212	310	0	90	66.53	256.74	215.89	122.20	112.87	23.76	82.27	61.60	4.78	12.88	0.82	0.049	11.67	6.29	0.54
212	320	0	90	67.44	252.82	212.51	119.19	110.50	23.09	82.15	60.16	4.93	12.19	0.82	0.047	10.79	6.11	0.57
212	330	0	90	54.26	247.89	207.30	114.77	107.95	22.48	80.17	59.77	3.96	15.10	0.83	0.044	13.87	6.08	0.44
212	340	0	90	65.51	247.59	208.40	110.71	104.35	21.64	78.95	64.28	4.95	12.98	0.83	0.048	11.85	6.73	0.57
212	350	0	90	63.32	248.21	209.01	109.76	103.42	21.52	78.58	66.21	4.70	14.09	0.83	0.048	12.20	6.67	0.55
212	360	0	90	70.41	254.51	215.12	113.97	105.43	22.12	78.99	70.09	4.45	15.76	0.83	0.050	13.14	7.10	0.54
212	370	0	90	69.92	250.07	211.44	113.00	104.69	22.12	78.94	66.43	4.62	14.39	0.83	0.048	11.94	6.74	0.56
212	380	0	90	64.19	253.43	213.63	114.95	107.37	22.91	80.15	65.90	4.73	13.93	0.83	0.048	10.86	6.62	0.61
212	390	0	90	66.83	256.24	215.46	117.93	109.97	23.69	81.61	64.66	4.66	13.88	0.83	0.049	13.19	6.99	0.53
212	400	0	90	68.79	250.73	210.54	114.97	107.86	23.49	80.80	62.08	4.62	13.44	0.83	0.047	12.80	6.53	0.51
212	410	0	90	59.66	245.36	206.23	111.64	105.25	23.10	79.41	60.70	4.53	13.40	0.83	0.047	13.04	6.36	0.49
212	420	0	90	60.43	241.49	204.06	109.03	101.12	22.29	77.31	63.06	4.50	14.01	0.83	0.047	12.86	6.38	0.50
212	430	0	90	55.45	228.52	192.94	103.13	95.70	21.14	75.02	57.80	4.47	12.92	0.83	0.044	10.49	5.48	0.52
212	440	0	90	40.34	214.07	179.78	98.30	91.95	20.38	72.45	49.67	3.86	12.87	0.82	0.038	9.95	4.22	0.42
212	450	0	90	51.54	208.26	174.75	96.73	90.86	20.15	71.57	45.84	4.46	10.28	0.82	0.037	7.25	3.48	0.48
212	460	0	90	49.90	203.34	170.39	92.60	88.01	19.39	70.18	45.15	4.12	10.97	0.82	0.035	5.93	3.14	0.53
212	470	0	90	51.52	203.98	171.52	92.73	87.19	19.05	69.13	47.66	4.12	11.58	0.82	0.036	6.54	3.17	0.49
222	470	0	90	52.41	199.86	169.18	88.10	82.36	18.02	65.79	51.70	4.01	12.89	0.83	0.037	7.01	3.15	0.45
222	460	0	90	52.35	195.43	165.67	87.83	80.95	17.79	65.97	48.50	3.97	12.21	0.82	0.037	6.64	3.35	0.51
222	450	0	90	52.78	198.31	167.17	89.32	83.66	18.44	67.14	47.50	4.12	11.53	0.82	0.036	7.71	3.67	0.48
222	440	0	90	52.05	205.19	172.90	91.72	85.98	18.96	68.30	50.91	3.98	12.78	0.83	0.037	8.95	4.26	0.48
222	430	0	90	59.55	219.34	185.29	96.80	90.90	20.05	70.64	57.80	4.45	13.00	0.83	0.043	11.02	5.57	0.51
222	420	0	90	50.28	230.17	193.69	101.35	96.04	21.18	72.93	61.20	3.90	15.70	0.83	0.044	12.44	6.22	0.50
222	410	0	90	59.48	239.20	201.98	106.32	99.86	21.88	75.42	63.92	4.70	13.61	0.83	0.047	12.92	6.70	0.52
222	400	0	90	70.43	243.75	205.92	108.91	101.93	22.15	76.82	65.00	4.78	13.61	0.83	0.048	13.68	7.03	0.51
222	390	0	90	67.20	248.35	209.39	110.47	103.76	22.39	77.13	67.47	4.30	15.69	0.83	0.049	14.13	7.46	0.53
222	380	0	90	58.66	239.95	201.92	105.13	100.00	21.35	75.57	64.38	4.67	13.78	0.83	0.046	12.13	6.78	0.56
222	370	0	90	64.16	241.65	204.50	107.45	99.61	21.05	75.01	67.03	4.57	14.68	0.83	0.048	16.18	6.76	0.42
222	360	0	90	59.87	248.14	210.18	107.32	100.30	21.03	75.26	72.58	4.32	16.80	0.84	0.050	13.37	7.41	0.55
222	350	0	90	64.54	243.83	206.27	102.76	98.40	20.45	75.22	70.21	4.50	15.59	0.83	0.049	12.96	6.82	0.53
222	340	0	90	59.61	244.18	206.61	107.25	100.06	20.79	75.95	68.17	4.40	15.48	0.84	0.048	12.32	7.07	0.57
222	330	0	90	68.33	245.69	207.49	112.27	103.45	21.55	77.40	64.84	5.22	12.42	0.83	0.048	11.45	6.68	0.58
222	320	0	90	55.66	248.16	208.57	111.16	105.22	22.08	78.72	64.23	4.34	14.80	0.83	0.047	13.30	6.52	0.49
222	310	0	90	65.81	247.36	207.70	115.60	107.99	22.82	78.86	60.51	4.82	12.55	0.82	0.048	10.77	6.21	0.58
222	300	0	90	58.60	238.80	200.76	112.37	104.64	22.23	76.34	57.82	4.41	13.10	0.83	0.044	10.69	5.67	0.53
222	290	0	90	50.10	230.39	193.13	104.60	99.31	21.25	72.80	58.28	3.70	15.76	0.83	0.043	12.12	5.53	0.46
222	280	0	90	58.44	221.20	186.97	102.94	94.51	20.28	69.90	56.79	3.92	14.51	0.83	0.043	13.01	5.34	0.41
222	270	0	90	53.16	214.48	180.87	95.95	90.49	19.49	67.55	56.44	3.93	14.36	0.83	0.042	11.27	5.03	0.45
222	260	0	90	57.89	202.44	171.16	93.87	86.14	18.65	65.07	51.23	3.78	13.57	0.83	0.039	10.26	4.33	0.42
222	250	0	90	48.09	188.97	158.44	88.12	82.89	18.13	62.58	43.50	3.31	13.13	0.82	0.034	9.22	3.48	0.38
222	240	0	90	45.46	185.09	155.31	86.51	81.31	17.94	60.36	43.42	3.40	12.77	0.82	0.032	8.24	3.18	0.39
222	230	0	90	46.97	186.06	156.04	88.00	82.50	18.21	59.40	44.16	3.13	14.12	0.82	0.033	7.88	2.98	0.38
222	220	0	90	51.34	188.84	159.15	88.59	82.70	18.19	58.84	47.31	3.28	14.43	0.82	0.035	7.17	2.97	0.41
222	210	0	90	49.06	193.12	162.60	90.98	84.90	18.65	58.98	49.24	2.98	16.54	0.83	0.034	8.26	2.93	0.36
232	210	0	90	50.10	186.53	157.95	83.94	78.70	17.30	54.71	53.11	3.03	17.52	0.83	0.036	8.38	2.93	0.35
232	220	0	90	49.57	175.42	148.18	82.17	76.24	16.79	54.43	44.76	3.15	14.22	0.82	0.033	8.04	2.75	0.34
232	230	0	90	47.15	178.51	150.81	82.10	76.59	16.96	55.46	46.46	3.10	14.96	0.83	0.033	9.19	3.07	0.33
232	240	0	90	48.27	181.73	153.67	80.04	75.58	16.71	56.87	49.28	3.50	14.09	0.83	0.034	9.42	3.42	0.36
232	250	0	90	47.59	186.97	158.09	82.95	77.69	17.06	58.99	50.29	3.42	14.71	0.83	0.034	9.95	3.96	0.40
232	260	0	90	51.83	196.37	166.68	85.76	79.75	17.35	60.80	55.82	3.68	15.17	0.83	0.039	11.29	4.61	0.41
232	270	0	90	51.71	205.96	174.91	89.46	83.29	18.01	62.88	59.79	3.76	15.89	0.84	0.040	12.27	5.23	0.43
232	280	0	90	54.92	213.18	180.67	92.29	86.68	18.62	64.96	61.54	3.75	16.39	0.84	0.042	12.34	5.79	0.47
232	290	0	90	62.15	220.28	186.69	99.40	91.89	19.66	67.96	60.44	4.39	13.78	0.83	0.044	12.27	5.70	0.46
232	300	0	90	62.14	225.97	190.35	100.67	95.75	20.38	70.94	59.28	4.58	12.95	0.83	0.043	11.64	5.40	0.46
232	310	0	90	54.69	228.45	191.79	103.71	97.71	20.66	72.44	58.30	4.17	13.98	0.83	0.043	13.02	5.80	0.45
232	320	0	90	58.99	232.66	196.03	102.29	96.81	20.33	72.66	63.19	4.51	14.00	0.83	0.046	13.25	6.47	0.49
232	330	0	90	60.10	234.19	198.22	102.77	95.89	20.01	72.04	66.26	4.65	14.26	0.83	0.047	13.02	6.93	0.53
232	340	0	90	52.38	231.72	196.61	98.46	92.04	19.16	70.60	69.09	3.69	18.70	0.84	0.048	14.90	7.06	0.47
232	350	0	90	62.43	236.95	202.67	99.28	91.53	19.09	70.26	75.16	4.15	18.11	0.84	0.050	14.74	7.23	0.49
232	360	0	90	67.24	242.11	206.38	99.27	92.91	19.46	70.78	78.41	4.47	17.53	0.84	0.051	13.80	7.91	0.57
232	370	0	90	61.76	224.36	189.42	98.48	92.33	19.59	69.92	62.11	3.90	15.94	0.83	0.044	13.51	6.11	0.45
232	380	0	90	55.89	218.75	184.53	98.92	92.45	19.76	69.93	56.38	3.84	14.69	0.83	0.042	12.18	5.77	0.47
232	390	0	90	61.49	222.18	187.30	102.01	94.47	20.40	71.09	56.61	4.32	13.11	0.83	0.043	14.00	5.94	0.42
232	400	0	90	60.66	224.51	188.35	99.18	94.45	20.54	71.29	58.77	4.44	13.23	0.83	0.042	11.80	6.19	0.53
232	410	0	90	50.98	223.41	188.36	96.60	91.87	20.11	69.73	61.81	3.71	16.68	0.84	0.042	13.61	6.41	0.47
232	420	0	90	57.23	218.17	185.20	93.86	87.54	19.20	67.53	63.11	4.05	15.56	0.84	0.044	14.22	6.48	0.46
232	430	0	90	52.06	201.32	170.28	87.69	82.35	18.10	65.04	53.92	3.79	14.21	0.83	0.039	11.27	5.22	0.46
232	440	0	90	45.03	195.04	165.08	82.67	78.36	17.23	62.99	53.69	3.76	14.27	0.83	0.037	10.34	4.55	0.44
232	450	0	90	47.28	183.90	155.50	81.54	75.95	16.73	61.68	46.27	3.67	12.62	0.83	0.034	7.48	3.54	0.47
232	460	0	90	44.87	191.25	162.15	80.64	76.20	16.78	62.07	52.98	3.49	15.16	0.83	0.035	9.20	3.50	0.38
232	470	0	90	46.94	198.83	169.23	83.10	77.94	17.07	62.51	58.38	3.69	15.81	0.84	0.037	7.19	3.33	0.46
242	470	0	90	46.73	180.44	153.49	76.83	71.47	15.66	58.33	50.64	3.40	14.88	0.83	0.034	8.18	3.10	0.38
242	460	0	90	45.65	183.74	156.87	75.36	70.29	15.45	57.72	55.73	3.30	16.88	0.84	0.036	8.63	3.61	0.42
242	450	0	90	39.71	174.27	148.17	71.19	67.55	14.86	56.13	50.59	3.23	15.68	0.84	0.032	9.79	3.61	0.37
242	440	0	90	46.01	183.69	156.80	74.07	69.62	15.27	56.78	57.29	3.39	16.90	0.84	0.037	12.21	4.85	0.40
242	430	0	90	43.74	187.12	159.01	78.48	73.35	16.09	58.65	55.12	3.34	16.50	0.84	0.036	12.58	5.15	0.41
242	420	0	90	51.65	194.23	164.97	84.32	78.20	17.09	61.08	54.94	3.78	14.53	0.83	0.039	12.50	5.40	0.43
242	410	0	90	53.89	201.44	170.87	88.30	82.03	17.87	63.07	56.34	3.97	14.18	0.83	0.040	11.79	5.56	0.47
242	400	0	90	48.98	197.36	165.84	90.64	84.69	18.31	64.48	48.19	3.58	13.46	0.83	0.036	11.18	4.84	0.43
242	390	0	90	54.03	200.25	168.32	92.18	86.22	18.52	65.22	48.81	3.80	12.85	0.82	0.038	10.47	4.70	0.45
242	380	0	90	54.19	196.12	164.91	89.96	84.14	17.93	64.18	47.80	3.61	13.25	0.83	0.037	10.85	4.67	0.43
242	370	0	90	52.38	201.27	169.98	89.75	83.68	17.67	64.21	53.38	3.79	14.10	0.83	0.039	11.46	5.14	0.45
242	360	0	90	52.97	211.78	179.78	88.03	82.97	17.38	64.45	64.36	4.00	16.09	0.84	0.043	14.26	6.52	0.46
242	350	0	90	52.61	210.70	178.85	86.58	82.17	17.13	64.25	64.29	3.89	16.53	0.84	0.042	13.29	6.15	0.46
242	340	0	90	53.85	211.18	179.38	89.54	83.67	17.43	64.75	62.76	4.17	15.04	0.84	0.043	12.62	6.03	0.48
242	330	0	90	52.45	208.61	176.34	90.86	85.37	17.86	65.27	57.97	3.81	15.20	0.83	0.041	12.53	5.61	0.45
242	320	0	90	51.04	201.06	169.17	91.56	85.79	18.00	65.61	49.66	3.98	12.49	0.83	0.038	10.67	4.87	0.46
242	310	0	90	52.91	205.68	173.75	92.01	85.73	18.11	64.93	55.01	3.83	14.37	0.83	0.039	10.81	5.15	0.48
242	300	0	90	48.44	203.91	172.37	90.70	84.63	18.01	63.63	55.66	3.75	14.83	0.83	0.039	12.13	4.96	0.41
242	290	0	90	47.81	196.46	166.08	86.87	81.38	17.44	61.28	53.80	3.45	15.61	0.83	0.038	11.66	5.00	0.43
242	280	0	90	46.87	196.52	166.99	81.73	77.15	16.65	58.96	60.41	3.48	17.37	0.84	0.039	13.39	5.36	0.40
242	270	0	90	45.86	187.86	159.14	80.34	75.66	16.45	57.43	54.77	3.22	16.98	0.84	0.036	13.58	4.89	0.36
242	260	0	90	44.01	182.65	155.39	77.71	72.58	15.88	55.76	54.31	3.26	16.68	0.84	0.035	11.66	4.49	0.39
242	250	0	90	44.94	179.61	152.94	74.60	70.49	15.53	54.16	54.96	3.07	17.93	0.84	0.035	10.94	4.14	0.38
242	240	0	90	41.16	161.95	136.72	72.71	68.30	15.13	51.63	42.02	2.95	14.26	0.83	0.030	8.42	3.14	0.37
242	230	0	90	42.16	171.47	145.65	71.78	68.23	15.13	50.39	52.85	2.72	19.44	0.84	0.033	9.98	3.19	0.32
242	220	0	90	43.58	167.90	143.03	72.27	67.74	14.92	49.51	50.64	2.79	18.16	0.84	0.032	8.47	2.81	0.33
242	210	0	90	41.78	175.14	149.20	74.77	70.49	15.51	50.02	54.63	2.48	22.05	0.84	0.033	8.23	2.70	0.33
252	210	0	90	35.95	161.93	137.98	67.69	64.25	14.16	45.78	51.90	2.28	22.73	0.84	0.031	9.60	2.47	0.26
252	220	0	90	43.62	175.24	152.14	66.60	61.59	13.59	45.38	68.27	2.57	26.60	0.85	0.036	9.59	3.11	0.32
252	230	0	90	43.03	170.53	147.58	66.71	61.54	13.60	46.26	62.73	2.63	23.84	0.85	0.036	10.48	3.32	0.32
252	240	0	90	37.69	151.20	128.04	65.54	61.89	13.71	47.24	42.07	2.68	15.68	0.83	0.028	8.64	2.94	0.34
252	250	0	90	41.31	161.86	138.30	68.47	63.47	13.98	49.34	49.04	2.87	17.08	0.84	0.032	10.27	3.61	0.35
252	260	0	90	39.72	166.94	141.99	69.61	65.39	14.32	51.14	50.40	2.88	17.50	0.84	0.032	12.00	4.01	0.33
252	270	0	90	45.37	171.39	145.60	73.20	68.29	14.86	52.88	50.22	3.06	16.41	0.84	0.034	12.83	4.48	0.35
252	280	0	90	45.28	182.58	155.71	76.36	70.92	15.37	54.19	57.47	2.89	19.86	0.84	0.036	13.94	4.70	0.34
252	290	0	90	46.46	173.99	146.57	76.76	72.83	15.67	55.49	45.67	3.51	13.00	0.83	0.033	9.82	3.90	0.40
252	300	0	90	42.51	173.28	145.12	79.12	74.90	16.00	57.27	41.11	3.15	13.06	0.83	0.030	9.39	3.61	0.38
252	310	0	90	47.97	182.46	154.46	82.77	76.44	16.23	58.49	47.53	3.47	13.69	0.83	0.036	9.88	3.94	0.40
252	320	0	90	45.87	176.07	147.77	79.89	75.44	15.93	58.45	42.18	3.50	12.06	0.82	0.032	9.43	3.87	0.41
252	330	0	90	43.80	182.86	154.45	80.82	75.43	15.83	58.63	48.81	3.40	14.36	0.83	0.035	11.23	4.62	0.41
252	340	0	90	47.65	186.84	158.60	79.83	74.51	15.59	58.75	53.58	3.45	15.51	0.83	0.037	12.16	5.14	0.42
252	350	0	90	48.70	183.71	156.18	78.89	73.09	15.30	57.73	52.90	3.63	14.55	0.84	0.036	12.38	5.03	0.41
252	360	0	90	45.91	183.73	155.82	79.99	73.96	15.52	57.93	51.85	3.26	15.89	0.84	0.036	11.56	4.74	0.41
252	370	0	90	51.70	179.70	151.35	80.51	75.68	16.01	58.15	45.87	3.53	12.98	0.83	0.034	9.60	4.21	0.44
252	380	0	90	45.13	180.88	151.91	81.14	76.97	16.41	58.55	45.36	3.35	13.53	0.83	0.033	10.37	4.26	0.41
252	390	0	90	50.97	183.51	155.02	84.92	78.15	16.76	59.40	45.96	3.52	13.06	0.83	0.035	10.49	4.23	0.40
252	400	0	90	46.69	180.45	151.66	81.99	77.19	16.69	58.59	44.67	3.43	13.01	0.83	0.034	11.12	4.18	0.38
252	410	0	90	47.92	183.08	155.14	80.32	74.98	16.33	57.34	50.76	3.14	16.15	0.83	0.036	12.40	4.56	0.37
252	420	0	90	46.26	177.28	150.49	75.74	70.99	15.51	55.42	50.87	3.46	14.69	0.83	0.035	12.67	4.50	0.36
252	430	0	90	41.22	168.37	142.82	72.41	67.41	14.79	53.29	47.67	3.04	15.66	0.83	0.033	12.26	4.31	0.35
252	440	0	90	42.38	167.03	142.50	67.04	63.32	13.88	51.44	52.28	3.06	17.09	0.84	0.034	11.30	4.27	0.38
252	450	0	90	37.71	159.86	136.67	64.52	60.35	13.22	50.49	49.02	2.92	16.78	0.84	0.031	9.59	3.44	0.36
252	460	0	90	39.89	164.99	141.24	66.66	62.18	13.67	52.05	50.76	2.96	17.13	0.84	0.032	8.90	3.19	0.36
252	470	0	90	44.07	165.51	140.71	68.04	64.74	14.18	53.12	47.65	3.22	14.80	0.83	0.031	8.12	2.91	0.36
262	470	0	90	41.01	147.05	124.73	61.12	58.25	12.75	48.04	40.75	3.04	13.41	0.83	0.028	7.81	2.62	0.34
262	460	0	90	32.82	143.72	122.43	58.49	55.15	12.08	46.64	41.93	2.57	16.34	0.84	0.027	7.95	2.76	0.35
262	450	0	90	31.60	143.00	122.17	58.16	54.20	11.88	45.42	43.38	2.64	16.46	0.84	0.028	8.43	2.97	0.35
262	440	0	90	37.58	150.65	128.94	61.07	56.86	12.42	46.85	46.94	2.87	16.37	0.84	0.030	11.44	3.66	0.32
262	430	0	90	42.17	160.54	137.21	65.93	61.34	13.42	49.24	49.97	3.03	16.48	0.84	0.032	10.45	3.78	0.36
262	420	0	90	44.54	163.25	139.03	70.69	65.32	14.21	51.20	46.73	3.23	14.48	0.83	0.033	10.93	4.01	0.37
262	410	0	90	41.88	164.65	139.09	73.21	68.63	14.89	52.92	43.10	3.09	13.94	0.83	0.031	9.39	3.56	0.38
262	400	0	90	40.58	162.91	137.14	74.64	69.73	15.05	53.71	39.47	3.37	11.71	0.82	0.030	8.82	3.31	0.38
262	390	0	90	42.80	159.86	134.50	74.74	69.37	14.88	53.70	36.79	3.05	12.07	0.82	0.029	8.55	3.10	0.36
262	380	0	90	44.10	156.92	131.50	72.98	68.64	14.62	53.24	35.04	3.45	10.14	0.82	0.028	8.20	3.03	0.37
262	370	0	90	43.65	157.63	132.68	71.06	66.58	14.08	52.34	38.71	3.19	12.14	0.83	0.029	9.90	3.44	0.35
262	360	0	90	41.41	158.79	134.39	69.50	64.80	13.63	51.72	42.27	3.20	13.23	0.83	0.030	10.18	3.66	0.36
262	350	0	90	45.30	159.25	135.34	69.21	64.02	13.45	51.37	43.85	3.30	13.28	0.83	0.032	9.73	3.88	0.40
262	340	0	90	45.02	160.28	136.03	69.61	64.65	13.57	51.79	43.85	3.18	13.77	0.83	0.031	11.64	4.09	0.35
262	330	0	90	37.70	157.06	132.27	71.00	66.29	13.98	51.92	38.85	3.06	12.71	0.83	0.029	9.52	3.61	0.38
262	320	0	90	43.06	155.15	131.06	70.63	65.45	13.88	51.61	38.10	3.05	12.47	0.83	0.029	9.40	3.30	0.35
262	310	0	90	40.72	158.42	133.81	70.07	65.62	13.96	51.56	41.25	3.07	13.44	0.83	0.029	9.02	3.25	0.36
262	300	0	90	36.99	151.64	126.91	69.31	65.58	14.05	51.02	35.05	2.71	12.92	0.82	0.027	9.42	2.90	0.31
262	290	0	90	39.94	155.27	130.91	69.55	65.11	14.05	50.11	40.05	2.85	14.05	0.83	0.028	10.00	3.17	0.32
262	280	0	90	42.22	159.76	136.23	67.75	63.07	13.67	49.12	47.58	2.92	16.30	0.83	0.033	11.98	3.82	0.32
262	270	0	90	39.19	155.47	132.39	64.17	60.43	13.17	47.59	47.44	2.57	18.44	0.84	0.031	12.25	3.92	0.32
262	260	0	90	41.72	147.38	125.37	61.99	58.20	12.71	45.91	43.27	2.74	15.78	0.83	0.029	10.85	3.40	0.31
262	250	0	90	30.99	142.36	120.96	58.16	55.40	12.13	44.05	42.91	2.32	18.47	0.84	0.027	11.41	3.28	0.29
262	240	0	90	33.37	136.51	116.11	56.36	53.45	11.77	42.04	41.02	2.30	17.85	0.84	0.026	10.24	2.82	0.28
262	230	0	90	34.84	149.84	128.90	56.29	53.86	11.84	41.42	54.56	2.21	24.65	0.85	0.030	10.32	2.92	0.28
262	220	0	90	40.51	158.75	137.40	60.61	56.68	12.49	41.68	60.40	2.33	25.94	0.85	0.032	11.56	2.87	0.25
262	210	0	90	40.14	147.84	125.99	63.21	59.68	13.11	42.40	45.77	2.51	18.26	0.84	0.028	8.47	2.36	0.28
272	210	0	90	30.32	132.44	112.38	58.13	54.36	11.90	39.28	38.81	1.98	19.55	0.84	0.025	10.16	2.30	0.23
272	220	0	90	35.17	123.88	105.24	54.74	50.88	11.11	38.14	34.87	2.24	15.54	0.83	0.024	8.45	2.20	0.26
272	230	0	90	27.37	116.58	98.22	49.69	47.98	10.49	37.39	31.21	1.98	15.78	0.83	0.022	9.92	2.19	0.22
272	240	0	90	30.19	120.72	102.69	49.53	46.77	10.22	38.29	35.67	2.14	16.68	0.84	0.023	9.15	2.43	0.27
272	250	0	90	29.50	132.92	113.86	52.64	49.43	10.74	40.40	43.10	2.18	19.78	0.84	0.026	10.21	2.99	0.29
272	260	0	90	31.51	135.93	115.51	55.80	52.84	11.46	42.37	40.72	2.39	17.01	0.84	0.026	11.60	3.13	0.27
272	270	0	90	38.04	138.50	117.76	60.09	55.66	12.05	44.20	38.65	2.62	14.74	0.83	0.026	10.50	3.03	0.29
272	280	0	90	37.84	143.37	121.22	62.30	58.72	12.68	46.10	38.55	2.60	14.81	0.83	0.027	9.83	3.12	0.32
272	290	0	90	36.02	143.08	120.81	65.11	60.30	12.95	47.10	35.68	2.58	13.84	0.83	0.027	9.00	2.79	0.31
272	300	0	90	37.60	143.90	121.56	65.49	60.61	12.95	47.53	35.77	2.70	13.25	0.83	0.027	8.72	2.70	0.31
272	310	0	90	37.32	143.24	120.25	63.87	60.89	12.94	47.83	34.52	2.72	12.68	0.82	0.026	8.92	2.70	0.30
272	320	0	90	36.77	140.70	118.50	65.25	60.30	12.73	47.83	32.58	2.76	11.81	0.82	0.025	8.83	2.83	0.32
272	330	0	90	35.40	141.21	118.72	62.18	58.92	12.38	47.57	34.72	3.07	11.32	0.83	0.026	9.28	3.01	0.32
272	340	0	90	37.65	140.80	119.26	61.25	57.08	11.95	46.91	36.81	2.93	12.58	0.83	0.027	10.05	3.25	0.32
272	350	0	90	38.54	138.58	117.38	59.79	55.90	11.74	46.17	36.51	2.89	12.64	0.83	0.027	8.65	3.15	0.36
272	360	0	90	38.52	138.70	117.26	62.37	57.28	12.03	46.80	34.63	2.92	11.87	0.83	0.026	8.67	3.08	0.36
272	370	0	90	34.86	138.42	115.91	63.19	59.34	12.52	47.68	31.40	2.86	10.96	0.82	0.024	8.47	2.76	0.33
272	380	0	90	38.50	141.53	118.42	66.73	62.46	13.27	48.76	30.32	3.10	9.78	0.81	0.025	7.29	2.57	0.35
272	390	0	90	34.70	144.68	120.88	67.65	63.79	13.62	49.55	31.34	2.83	11.08	0.82	0.025	7.45	2.56	0.34
272	400	0	90	37.95	149.38	125.34	68.67	64.43	13.83	49.77	35.19	2.96	11.90	0.82	0.027	8.85	2.83	0.32
272	410	0	90	36.95	151.50	127.65	67.47	63.60	13.73	49.20	38.69	2.58	14.97	0.83	0.027	9.48	2.95	0.31
272	420	0	90	35.14	147.91	124.94	65.08	60.90	13.22	47.56	39.45	2.89	13.67	0.83	0.028	9.27	3.11	0.33
272	430	0	90	36.09	141.84	120.20	60.67	57.25	12.42	45.42	39.16	2.75	14.26	0.83	0.027	9.86	3.08	0.31
272	440	0	90	33.49	130.46	110.50	56.57	52.68	11.44	43.12	34.66	2.54	13.66	0.83	0.025	9.98	2.85	0.29
272	450	0	90	27.93	123.95	104.98	53.43	50.05	10.88	41.89	32.02	2.46	13.04	0.83	0.022	7.75	2.46	0.32
272	460	0	90	32.59	129.21	109.82	52.95	50.11	10.89	42.70	36.40	2.42	15.07	0.83	0.024	8.62	2.46	0.29
272	470	0	90	35.76	129.22	109.82	56.16	51.97	11.24	44.16	33.09	2.73	12.14	0.82	0.025	7.25	2.36	0.33
282	470	0	90	30.46	124.30	105.40	53.10	49.77	10.68	41.18	33.34	2.56	13.04	0.83	0.024	9.17	2.45	0.27
282	460	0	90	28.55	118.32	99.68	51.43	48.67	10.46	40.28	29.37	2.48	11.86	0.82	0.022	8.13	2.33	0.29
282	450	0	90	29.05	115.85	97.41	50.55	48.16	10.36	40.03	27.66	2.13	12.97	0.83	0.020	8.93	2.33	0.26
282	440	0	90	30.45	121.95	102.65	54.81	51.51	11.10	41.27	29.17	2.40	12.17	0.82	0.022	9.71	2.58	0.27
282	430	0	90	34.53	131.18	110.55	59.90	55.61	11.97	43.65	31.91	2.69	11.85	0.83	0.024	9.09	2.86	0.31
282	420	0	90	31.42	138.92	116.75	63.71	59.80	12.88	45.88	33.25	2.50	13.32	0.83	0.025	9.84	2.90	0.29
282	410	0	90	39.05	142.51	119.85	67.09	62.26	13.36	47.20	33.05	2.85	11.59	0.82	0.026	8.18	2.79	0.34
282	400	0	90	38.17	140.52	117.82	67.00	62.34	13.34	47.33	30.85	3.04	10.16	0.81	0.026	7.75	2.62	0.34
282	390	0	90	37.45	138.77	116.09	66.66	61.98	13.18	47.32	29.48	2.82	10.47	0.82	0.024	7.80	2.41	0.31
282	380	0	90	35.92	136.55	114.11	64.00	60.46	12.81	46.67	29.42	2.93	10.04	0.82	0.024	7.44	2.43	0.33
282	370	0	90	37.13	132.41	111.03	61.23	57.60	12.15	45.03	29.79	2.59	11.49	0.82	0.024	8.60	2.54	0.30
282	360	0	90	33.72	131.27	110.78	58.66	54.57	11.44	44.00	32.70	2.66	12.30	0.83	0.024	8.86	2.91	0.33
282	350	0	90	33.81	131.79	112.12	57.31	52.29	10.92	43.23	36.27	2.68	13.55	0.83	0.026	10.94	3.16	0.29
282	340	0	90	35.36	131.44	111.41	56.71	53.00	11.07	43.06	35.38	2.51	14.11	0.83	0.026	10.31	3.11	0.30
282	330	0	90	34.26	132.18	111.46	57.65	54.46	11.40	43.76	33.97	2.41	14.11	0.83	0.024	9.84	2.89	0.29
282	320	0	90	32.09	131.67	110.54	60.19	56.40	11.85	44.46	30.81	2.56	12.06	0.82	0.024	9.13	2.63	0.29
282	310	0	90	34.51	131.57	110.66	62.04	57.17	12.07	44.73	29.67	2.51	11.80	0.82	0.023	8.55	2.42	0.28
282	300	0	90	35.06	135.49	113.81	61.06	57.63	12.25	44.74	33.12	2.29	14.45	0.83	0.024	8.77	2.53	0.29
282	290	0	90	37.40	135.26	113.98	61.21	57.14	12.19	44.39	33.73	2.56	13.17	0.83	0.025	9.37	2.78	0.30
282	280	0	90	36.52	133.74	113.21	60.65	55.78	11.95	43.32	34.64	2.56	13.51	0.83	0.025	10.23	2.98	0.29
282	270	0	90	32.49	129.21	109.88	57.27	52.36	11.23	41.63	35.22	2.45	14.39	0.83	0.025	10.36	3.05	0.29
282	260	0	90	33.89	124.36	106.20	52.80	48.66	10.45	39.42	36.29	2.40	15.14	0.83	0.025	10.05	2.88	0.29
282	250	0	90	29.67	115.44	98.60	48.85	44.93	9.66	37.19	33.33	2.18	15.29	0.83	0.023	10.54	2.52	0.24
282	240	0	90	30.24	110.15	93.63	47.22	43.79	9.43	35.48	30.88	2.04	15.11	0.83	0.021	9.19	2.22	0.24
282	230	0	90	29.56	114.66	97.81	47.99	44.81	9.66	35.42	34.43	1.94	17.76	0.84	0.022	9.82	2.19	0.22
282	220	0	90	30.57	122.00	103.97	51.39	48.45	10.46	36.71	36.85	2.07	17.83	0.84	0.024	10.41	2.30	0.22
282	210	0	90	29.53	127.68	107.78	54.03	52.30	11.35	38.04	37.34	1.76	21.20	0.84	0.024	9.53	2.33	0.24
292	210	0	90	32.99	131.48	112.68	55.46	51.41	11.04	38.30	41.77	2.24	18.63	0.84	0.027	9.56	2.53	0.26
292	220	0	90	35.63	127.47	109.60	53.42	48.81	10.46	36.70	41.95	2.31	18.18	0.84	0.026	10.45	2.50	0.24
292	230	0	90	28.18	118.36	100.71	48.31	45.96	9.87	35.62	36.78	1.86	19.74	0.84	0.023	9.56	2.36	0.25
292	240	0	90	28.67	110.13	93.85	46.71	43.30	9.24	35.06	31.78	2.01	15.85	0.83	0.022	9.58	2.37	0.25
292	250	0	90	26.88	111.30	94.49	46.68	43.80	9.33	35.88	31.62	2.01	15.74	0.84	0.021	10.91	2.62	0.24
292	260	0	90	30.25	126.61	107.67	51.04	48.69	10.43	38.51	39.41	2.15	18.29	0.84	0.025	12.75	3.49	0.27
292	270	0	90	30.71	137.49	116.91	54.68	52.70	11.26	40.55	44.24	2.37	18.63	0.84	0.028	15.45	3.90	0.25
292	280	0	90	38.21	140.01	119.18	58.98	55.15	11.74	42.09	42.78	2.37	18.06	0.84	0.028	14.36	3.80	0.26
292	290	0	90	35.58	135.92	114.87	60.02	56.20	11.89	42.68	37.04	2.47	14.98	0.83	0.026	12.67	3.36	0.27
292	300	0	90	36.97	129.70	108.91	60.62	56.75	11.95	43.07	29.88	2.55	11.72	0.82	0.024	9.91	2.56	0.26
292	310	0	90	34.21	128.64	107.99	60.86	56.34	11.84	43.10	29.20	2.45	11.90	0.82	0.023	9.30	2.57	0.28
292	320	0	90	34.84	130.78	110.00	58.55	55.19	11.55	42.92	32.66	2.49	13.12	0.83	0.024	9.26	2.84	0.31
292	330	0	90	34.08	127.55	107.38	57.15	53.62	11.18	42.33	31.60	2.41	13.09	0.83	0.024	9.59	2.79	0.29
292	340	0	90	34.12	127.29	107.50	54.50	51.27	10.63	41.91	34.11	2.47	13.83	0.84	0.023	11.53	3.02	0.26
292	350	0	90	35.70	135.04	115.12	54.69	51.21	10.59	42.20	41.62	2.72	15.33	0.84	0.028	10.91	3.59	0.33
292	360	0	90	41.51	135.58	115.06	57.49	53.87	11.18	43.04	38.67	2.73	14.17	0.83	0.028	10.91	3.37	0.31
292	370	0	90	36.56	135.28	114.08	60.34	56.58	11.81	44.49	34.20	2.62	13.06	0.83	0.025	8.98	2.98	0.33
292	380	0	90	40.29	137.90	116.12	65.75	60.49	12.71	46.13	31.27	2.83	11.04	0.82	0.025	7.79	2.64	0.34
292	390	0	90	34.98	139.17	115.95	64.74	62.05	13.12	46.70	30.42	2.61	11.67	0.82	0.024	8.32	2.51	0.30
292	400	0	90	35.44	139.34	116.74	65.56	61.23	12.98	46.38	31.74	2.41	13.15	0.82	0.024	9.40	2.63	0.28
292	410	0	90	36.93	139.76	117.43	63.31	59.65	12.69	45.60	34.51	2.52	13.67	0.83	0.026	9.97	2.96	0.30
292	420	0	90	34.91	141.09	119.10	62.42	58.57	12.48	44.80	37.72	2.58	14.60	0.83	0.026	12.56	3.36	0.27
292	430	0	90	36.85	136.94	116.10	59.95	55.69	11.86	43.19	38.06	2.63	14.45	0.83	0.027	11.10	3.48	0.31
292	440	0	90	30.69	126.83	107.51	55.35	51.66	11.00	40.89	34.28	2.31	14.87	0.83	0.024	12.00	3.06	0.26
292	450	0	90	31.84	117.92	99.69	52.26	48.53	10.29	39.29	30.09	2.53	11.89	0.83	0.022	9.15	2.68	0.29
292	460	0	90	30.99	116.78	98.47	52.58	48.87	10.37	39.40	28.51	2.34	12.16	0.83	0.022	9.12	2.53	0.28
292	470	0	90	28.94	120.66	101.85	53.54	50.15	10.66	40.02	30.49	2.42	12.61	0.83	0.022	8.59	2.61	0.30
302	470	0	90	33.68	128.08	108.30	55.94	52.24	11.06	40.58	35.26	2.41	14.65	0.83	0.025	11.85	3.31	0.28
302	460	0	90	33.36	125.09	105.82	56.55	51.96	10.99	40.30	32.83	2.35	13.98	0.83	0.024	12.13	2.93	0.24
302	450	0	90	33.67	131.77	112.40	57.42	52.43	11.12	40.49	38.84	2.37	16.37	0.84	0.027	12.29	3.30	0.27
302	440	0	90	38.05	140.91	120.19	58.71	54.80	11.64	41.82	44.28	2.36	18.79	0.84	0.029	12.66	3.76	0.30
302	430	0	90	38.76	148.28	126.29	62.78	58.57	12.45	43.97	45.74	2.74	16.70	0.84	0.030	12.60	3.90	0.31
302	420	0	90	38.46	150.03	127.49	65.18	60.63	12.87	45.45	43.96	2.62	16.75	0.84	0.030	11.93	3.73	0.31
302	410	0	90	38.10	149.80	126.53	66.53	62.22	13.17	46.22	41.36	2.50	16.55	0.83	0.028	10.83	3.43	0.32
302	400	0	90	40.93	144.76	121.69	66.68	62.69	13.21	46.71	35.36	2.79	12.69	0.82	0.027	9.19	2.99	0.32
302	390	0	90	41.35	144.30	121.05	67.55	63.39	13.30	47.00	33.91	2.74	12.40	0.82	0.026	9.07	2.90	0.32
302	380	0	90	37.22	138.60	115.75	65.98	62.14	12.95	46.24	30.22	2.69	11.23	0.82	0.024	8.15	2.64	0.32
302	370	0	90	38.22	139.98	118.29	64.70	59.52	12.35	45.24	35.22	2.84	12.41	0.83	0.027	10.77	3.27	0.30
302	360	0	90	37.39	141.80	120.39	61.75	57.16	11.80	44.34	40.30	2.57	15.66	0.84	0.027	13.26	3.84	0.29
302	350	0	90	38.37	142.43	120.33	58.43	56.12	11.56	43.81	42.49	2.67	15.91	0.84	0.028	12.66	4.17	0.33
302	340	0	90	41.23	145.32	124.18	60.48	55.78	11.49	43.72	45.82	2.80	16.37	0.84	0.030	14.59	4.39	0.30
302	330	0	90	39.44	138.74	117.52	60.46	56.50	11.71	43.58	38.66	2.72	14.20	0.83	0.027	11.89	3.62	0.30
302	320	0	90	35.08	137.62	115.77	62.72	58.60	12.19	44.44	34.58	2.69	12.87	0.83	0.026	11.17	3.24	0.29
302	310	0	90	39.77	135.08	113.14	63.39	59.29	12.42	44.35	31.43	2.48	12.69	0.82	0.024	9.91	2.97	0.30
302	300	0	90	35.89	139.64	117.62	63.39	59.09	12.40	43.92	36.63	2.46	14.89	0.83	0.026	13.26	3.77	0.28
302	290	0	90	37.85	147.82	125.32	62.35	58.97	12.43	43.47	45.38	2.32	19.53	0.84	0.029	15.73	4.38	0.28
302	280	0	90	34.06	145.27	123.44	60.50	57.16	12.08	42.40	45.71	2.29	19.94	0.84	0.029	15.03	4.48	0.30
302	270	0	90	38.18	140.11	119.55	57.70	54.07	11.44	40.44	45.60	2.44	18.72	0.84	0.029	16.53	4.48	0.27
302	260	0	90	31.60	129.68	110.50	53.45	50.02	10.60	38.26	41.40	2.12	19.56	0.84	0.027	16.68	4.08	0.24
302	250	0	90	31.12	122.60	104.57	51.18	47.86	10.18	36.75	37.99	2.32	16.41	0.84	0.025	13.74	3.37	0.25
302	240	0	90	26.88	122.89	104.89	50.48	47.36	10.10	36.50	39.03	2.12	18.40	0.84	0.024	12.28	2.90	0.24
302	230	0	90	34.06	128.67	110.64	53.10	48.70	10.37	37.08	42.89	2.23	19.26	0.84	0.027	10.94	2.61	0.24
302	220	0	90	32.92	137.08	117.76	55.48	51.64	11.06	38.20	47.24	1.96	24.16	0.85	0.028	11.15	2.67	0.24
302	210	0	90	35.96	143.23	122.51	57.58	55.01	11.81	39.61	48.62	2.01	24.19	0.84	0.028	11.04	2.61	0.24
312	210	0	90	37.62	154.83	132.91	64.53	60.07	12.89	42.34	52.42	2.22	23.58	0.84	0.031	10.64	2.83	0.27
312	220	0	90	34.25	147.12	125.59	60.53	57.33	12.29	41.20	48.60	2.13	22.87	0.84	0.029	10.39	2.71	0.26
312	230	0	90	35.07	142.70	122.12	59.98	55.81	11.97	40.29	46.60	2.12	21.99	0.84	0.029	10.36	2.82	0.27
312	240	0	90	35.98	137.26	117.62	56.58	52.49	11.17	39.51	45.26	2.41	18.79	0.84	0.028	10.86	3.25	0.30
312	250	0	90	31.04	131.08	110.89	55.30	52.98	11.25	39.31	38.79	2.13	18.21	0.84	0.025	13.96	3.39	0.24
312	260	0	90	34.81	139.66	119.15	59.73	55.18	11.65	40.77	43.70	2.19	19.99	0.84	0.029	16.00	4.07	0.25
312	270	0	90	37.74	151.52	129.28	61.41	58.15	12.23	42.67	50.71	2.32	21.84	0.84	0.032	19.28	5.18	0.27
312	280	0	90	37.42	155.56	131.56	63.86	61.61	12.95	44.45	49.50	2.26	21.90	0.84	0.031	18.91	5.11	0.27
312	290	0	90	41.54	158.56	134.96	68.93	63.91	13.40	45.92	48.73	2.67	18.24	0.84	0.033	16.19	5.10	0.31
312	300	0	90	41.73	155.54	131.46	69.61	64.94	13.56	46.88	43.73	2.85	15.35	0.83	0.031	13.64	4.74	0.35
312	310	0	90	42.99	149.21	125.37	69.68	65.03	13.55	47.31	36.87	2.94	12.55	0.82	0.029	12.56	3.87	0.31
312	320	0	90	41.01	149.78	125.60	69.34	65.23	13.52	47.42	37.13	2.72	13.64	0.83	0.028	12.50	3.79	0.30
312	330	0	90	42.33	155.30	131.65	69.21	63.81	13.15	47.13	44.36	2.66	16.66	0.84	0.031	14.49	4.72	0.33
312	340	0	90	43.87	163.10	139.16	69.00	63.73	13.05	47.39	51.98	3.00	17.35	0.84	0.034	16.24	5.38	0.33
312	350	0	90	47.49	163.66	139.42	68.14	63.65	12.99	47.82	52.18	2.88	18.11	0.84	0.034	17.05	5.48	0.32
312	360	0	90	40.28	170.15	145.17	68.20	64.49	13.24	48.24	57.43	2.82	20.38	0.85	0.035	17.05	5.31	0.31
312	370	0	90	42.61	166.33	141.47	70.26	65.56	13.54	48.26	52.51	2.65	19.83	0.84	0.034	16.12	4.67	0.29
312	380	0	90	37.03	150.33	126.02	69.95	66.01	13.71	48.32	35.99	2.51	14.32	0.82	0.028	11.31	3.33	0.29
312	390	0	90	41.23	153.63	128.82	72.62	68.05	14.25	49.18	36.40	2.86	12.73	0.82	0.028	9.97	3.24	0.32
312	400	0	90	41.05	155.65	130.84	73.30	68.25	14.37	49.04	38.36	2.79	13.75	0.83	0.029	11.30	3.58	0.32
312	410	0	90	42.83	159.46	135.10	70.73	66.05	13.97	48.12	45.29	2.94	15.39	0.83	0.032	10.82	3.89	0.36
312	420	0	90	38.37	159.04	134.49	68.48	65.31	13.86	47.27	46.45	2.58	18.01	0.84	0.031	13.27	4.08	0.31
312	430	0	90	42.81	159.95	136.19	68.10	63.80	13.57	46.02	50.13	2.58	19.42	0.84	0.033	15.02	4.53	0.30
312	440	0	90	38.94	154.25	131.58	64.95	60.82	12.93	44.25	49.17	2.45	20.08	0.84	0.032	15.62	4.28	0.27
312	450	0	90	40.26	145.62	123.46	61.83	58.64	12.46	43.25	43.73	2.56	17.08	0.84	0.029	12.15	3.71	0.31
312	460	0	90	35.94	142.44	121.21	61.78	57.61	12.20	42.71	42.12	2.47	17.05	0.83	0.029	11.40	3.47	0.30
312	470	0	90	33.92	144.26	122.21	61.78	58.29	12.35	42.54	43.42	2.55	17.04	0.84	0.029	14.04	4.01	0.29
72	480	0	90	43.98	180.45	154.22	74.89	69.83	15.70	55.32	55.30	3.10	17.86	0.84	0.034	8.01	2.88	0.36
72	490	0	90	46.11	185.77	159.01	76.01	71.46	16.03	55.73	58.58	3.18	18.41	0.84	0.036	7.91	2.89	0.37
82	480	0	90	43.44	169.62	145.29	69.64	64.80	14.59	51.69	53.13	2.94	18.07	0.84	0.032	7.71	2.80	0.36
82	490	0	90	41.10	168.59	143.98	70.88	65.96	14.80	51.68	50.95	3.08	16.52	0.84	0.032	8.47	2.71	0.32
92	480	0	90	38.76	151.93	129.69	62.92	58.69	13.12	47.86	45.38	2.81	16.14	0.84	0.029	8.15	2.67	0.33
92	490	0	90	41.29	154.06	131.26	65.43	60.81	13.56	48.65	44.60	3.01	14.80	0.83	0.029	7.27	2.66	0.37
102	480	0	90	37.24	141.53	120.64	61.30	56.21	12.45	46.17	39.15	2.87	13.63	0.83	0.027	7.37	2.50	0.34
102	490	0	90	36.94	145.67	123.18	62.91	59.62	13.24	46.99	39.05	2.59	15.06	0.83	0.027	8.29	2.50	0.30
112	480	0	90	36.36	141.39	120.17	58.10	55.19	12.15	45.09	41.11	2.89	14.21	0.83	0.027	8.28	2.56	0.31
112	490	0	90	36.67	146.80	124.66	61.57	58.29	12.84	46.41	42.09	2.65	15.88	0.83	0.028	7.67	2.59	0.34
122	480	0	90	39.14	148.54	127.35	58.39	55.22	12.06	45.27	48.05	2.74	17.51	0.84	0.029	8.13	2.63	0.32
122	490	0	90	34.64	150.17	127.84	60.08	57.65	12.57	46.47	46.05	2.71	17.00	0.84	0.029	9.13	2.61	0.29
132	480	0	90	39.75	165.57	142.92	61.67	58.16	12.67	47.21	60.21	2.78	21.69	0.85	0.033	9.46	2.97	0.31
132	490	0	90	44.02	167.28	144.44	64.05	59.69	12.92	48.46	59.13	2.89	20.45	0.85	0.035	9.25	3.11	0.34
142	480	0	90	43.86	179.34	155.21	68.48	63.45	13.84	50.84	65.05	3.18	20.42	0.85	0.037	9.35	3.37	0.36
142	490	0	90	47.64	188.68	163.07	70.45	66.18	14.33	52.75	69.76	3.18	21.96	0.85	0.040	9.50	3.70	0.39
152	480	0	90	47.62	197.89	170.46	75.18	70.75	15.45	56.47	70.68	3.23	21.90	0.85	0.040	11.46	3.94	0.34
152	490	0	90	50.65	213.05	184.02	80.77	75.37	16.33	58.89	78.79	3.61	21.84	0.85	0.044	11.58	4.48	0.39
162	480	0	90	51.34	201.37	171.88	84.79	78.90	17.26	61.59	60.88	3.63	16.76	0.84	0.039	8.93	3.97	0.44
162	490	0	90	53.13	217.07	185.43	90.11	84.13	18.25	64.04	68.90	3.70	18.61	0.84	0.043	9.81	4.33	0.44
172	480	0	90	51.52	202.95	171.93	92.17	85.12	18.60	65.62	52.21	4.01	13.03	0.83	0.038	7.98	3.67	0.46
172	490	0	90	54.92	213.84	180.94	94.20	88.39	19.15	67.58	57.87	4.00	14.47	0.83	0.040	8.52	4.29	0.50
182	480	0	90	53.41	206.24	173.79	95.33	88.77	19.38	68.85	48.61	4.09	11.88	0.82	0.038	6.77	3.54	0.52
182	490	0	90	63.57	218.55	185.63	103.81	93.26	20.21	71.59	53.70	4.75	11.32	0.82	0.043	8.97	4.18	0.47
192	480	0	90	51.58	211.08	177.68	99.61	92.05	20.20	71.65	47.37	4.30	11.01	0.82	0.039	7.43	3.68	0.49
192	490	0	90	58.13	220.10	185.85	103.17	95.26	20.73	73.37	51.46	4.49	11.45	0.82	0.041	7.05	3.76	0.53
202	480	0	90	53.88	212.01	177.57	96.94	92.74	20.44	72.04	47.23	4.48	10.54	0.82	0.037	6.79	3.32	0.49
202	490	0	90	53.01	215.55	180.62	98.81	94.09	20.57	72.60	48.87	4.07	12.00	0.82	0.038	7.02	3.52	0.50
212	480	0	90	51.26	205.32	173.22	92.69	86.69	19.07	69.06	49.57	4.05	12.25	0.82	0.037	6.88	3.15	0.46
212	490	0	90	56.67	210.08	177.28	96.62	90.14	19.71	70.33	49.61	4.13	12.02	0.82	0.039	6.52	3.21	0.49
222	480	0	90	50.96	206.99	176.05	87.32	82.12	18.09	66.10	58.77	3.90	15.06	0.83	0.039	7.20	3.18	0.44
222	490	0	90	52.65	209.95	178.01	91.82	85.86	18.84	66.99	57.10	3.65	15.64	0.83	0.038	6.86	3.23	0.47
232	480	0	90	43.78	196.47	166.51	82.30	78.27	17.29	62.66	55.55	3.57	15.56	0.83	0.035	7.29	3.03	0.42
232	490	0	90	50.94	201.66	171.11	87.31	81.94	18.06	63.53	56.18	3.77	14.92	0.83	0.037	6.77	3.10	0.46
242	480	0	90	48.63	188.04	160.79	77.92	72.58	16.06	58.74	56.73	3.44	16.51	0.84	0.036	7.43	2.98	0.40
242	490	0	90	48.38	194.94	166.80	81.67	75.48	16.65	59.50	59.97	3.37	17.80	0.84	0.038	7.50	3.06	0.41
252	480	0	90	42.27	181.22	156.14	69.82	65.39	14.51	53.30	62.53	2.93	21.32	0.84	0.036	8.30	2.99	0.36
252	490	0	90	46.74	190.47	164.40	73.44	68.57	15.20	54.17	67.73	3.12	21.73	0.85	0.038	8.86	3.06	0.35
262	480	0	90	35.31	160.27	137.36	61.64	58.90	13.03	48.44	52.92	2.62	20.21	0.84	0.031	8.74	2.72	0.31
262	490	0	90	40.94	169.92	146.13	66.95	62.72	13.90	49.74	57.46	2.73	21.07	0.84	0.034	8.69	2.79	0.32
272	480	0	90	32.97	133.82	113.39	57.92	54.22	11.89	44.78	34.82	2.53	13.77	0.83	0.025	7.76	2.37	0.31
272	490	0	90	33.33	141.82	119.91	62.91	58.94	12.92	46.90	35.98	2.56	14.05	0.83	0.026	8.91	2.49	0.28
282	480	0	90	32.25	127.06	107.30	55.15	52.03	11.28	41.91	33.12	2.36	14.05	0.83	0.024	9.09	2.58	0.28
282	490	0	90	32.54	134.90	113.76	61.46	57.25	12.45	44.06	33.59	2.50	13.44	0.83	0.024	8.50	2.70	0.32
292	480	0	90	32.43	127.05	107.30	55.30	52.16	11.26	40.51	34.38	2.34	14.68	0.83	0.024	11.23	3.16	0.28
292	490	0	90	30.50	135.86	114.06	60.54	57.51	12.47	42.63	35.72	2.19	16.33	0.83	0.025	11.23	3.11	0.28
302	480	0	90	32.08	139.37	117.91	58.82	56.16	12.08	41.54	41.67	2.17	19.24	0.84	0.027	14.61	3.76	0.26
302	490	0	90	38.68	150.14	127.29	64.13	60.49	13.03	43.60	46.06	2.48	18.54	0.84	0.030	16.99	4.44	0.26
312	480	0	90	39.20	147.64	125.11	64.86	61.01	13.06	43.81	42.82	2.47	17.36	0.84	0.029	13.45	3.92	0.29
312	490	0	90	41.52	161.09	136.59	68.81	65.28	13.99	45.58	50.23	2.64	19.00	0.84	0.033	15.57	4.92	0.32
