Cordonnées 				Energie	Flux de photons	Efficience YPF	UVA-BLEU :	BLEU élargi	BLEU strict	VERT	ROUGE CLAIR	ROUGE SOMBRE	RC/RS	PHI =	TETA =	ZETA =	RC	RS 
X	Y	Azimut	Elévation	300-1100 nm	400-700 nm	(yield photon flux)	350-500 nm	400-500 nm	445-455 nm	500-600 nm	600-700 nm	700-800 nm	600-700 /700-800 nm		(Sager et al. 1988)	655-665/725-735 nm	655-665 nm	725-735 nm
54	149	0	90	45.84	177.90	151.08	76.90	72.38	17.19	56.96	48.56	2.98	16.32	0.83	0.033	7.44	2.53	0.34
54	159	0	90	47.95	175.74	149.02	77.87	73.23	17.39	57.17	45.34	3.33	13.62	0.82	0.033	7.27	2.58	0.36
54	169	0	90	46.85	176.55	149.44	78.81	73.75	17.48	57.37	45.44	3.25	13.98	0.82	0.033	7.59	2.74	0.36
54	179	0	90	39.32	177.63	150.23	78.42	73.66	17.44	57.28	46.70	2.93	15.92	0.83	0.032	8.74	2.92	0.33
54	189	0	90	43.94	178.93	151.50	77.86	73.48	17.37	57.18	48.27	2.83	17.06	0.83	0.032	9.67	3.13	0.32
54	199	0	90	44.85	179.45	152.42	79.85	73.68	17.39	57.21	48.56	2.94	16.52	0.83	0.034	9.84	3.38	0.34
54	209	0	90	46.43	180.78	153.62	79.62	73.89	17.38	57.45	49.45	3.20	15.47	0.83	0.034	9.69	3.58	0.37
54	219	0	90	44.11	182.23	154.35	79.21	74.59	17.52	58.23	49.40	3.06	16.14	0.83	0.034	10.08	3.67	0.36
54	229	0	90	44.29	181.57	153.67	79.76	74.80	17.52	58.79	47.98	3.01	15.96	0.83	0.034	10.15	3.65	0.36
54	239	0	90	51.21	184.79	156.69	80.65	75.41	17.62	59.58	49.80	3.37	14.78	0.83	0.035	10.77	4.03	0.37
54	249	0	90	50.46	193.22	164.67	82.23	76.65	17.92	60.90	55.67	3.29	16.89	0.83	0.038	11.06	4.41	0.40
54	259	0	90	49.18	195.02	165.85	83.68	77.82	18.16	61.63	55.57	3.32	16.74	0.84	0.038	13.06	4.49	0.34
54	269	0	90	50.17	197.80	168.27	85.11	79.12	18.46	62.54	56.15	3.40	16.52	0.83	0.039	12.52	4.69	0.37
54	279	0	90	47.69	201.82	171.10	85.83	81.07	18.96	63.49	57.25	3.21	17.82	0.84	0.038	13.41	4.88	0.36
54	289	0	90	51.65	201.69	171.09	87.64	81.97	19.16	64.28	55.44	3.72	14.88	0.83	0.039	10.73	4.65	0.43
54	299	0	90	50.81	197.42	167.09	87.27	81.34	19.02	64.29	51.79	3.49	14.82	0.83	0.037	11.65	4.34	0.37
54	309	0	90	54.67	197.64	167.94	86.76	80.31	18.76	64.23	53.10	3.55	14.94	0.83	0.038	11.09	4.45	0.40
54	319	0	90	47.60	197.99	167.82	83.01	78.95	18.50	63.65	55.39	3.59	15.44	0.83	0.038	11.98	4.81	0.40
54	329	0	90	51.76	193.42	164.64	83.98	77.50	18.17	62.77	53.15	3.49	15.24	0.83	0.038	12.45	4.60	0.37
54	339	0	90	52.67	190.55	162.13	82.03	76.09	17.91	61.84	52.62	3.41	15.42	0.83	0.037	11.62	4.39	0.38
54	349	0	90	53.02	187.22	159.31	79.65	74.28	17.49	61.21	51.72	3.50	14.76	0.83	0.037	11.19	4.31	0.39
54	359	0	90	48.94	183.25	155.69	78.54	73.14	17.24	60.78	49.33	3.28	15.03	0.83	0.035	11.08	4.30	0.39
54	369	0	90	50.97	184.79	157.70	79.84	73.06	17.23	60.84	50.88	3.74	13.59	0.83	0.036	10.01	4.21	0.42
54	379	0	90	46.14	185.92	158.41	77.53	72.48	17.12	60.49	52.94	3.43	15.42	0.83	0.035	9.88	3.91	0.40
54	389	0	90	48.79	183.58	156.87	77.63	71.57	16.86	59.75	52.26	3.42	15.29	0.83	0.036	9.21	3.63	0.39
54	399	0	90	44.59	180.44	153.42	75.22	70.86	16.72	58.84	50.74	3.34	15.19	0.83	0.034	9.31	3.48	0.37
54	409	0	90	42.83	176.73	150.45	75.41	70.20	16.57	58.09	48.44	3.38	14.35	0.83	0.033	8.34	3.19	0.38
54	419	0	90	44.91	174.91	149.06	74.23	68.99	16.24	57.49	48.43	3.30	14.66	0.83	0.032	6.90	2.78	0.40
54	429	0	90	45.35	173.77	148.13	73.30	68.63	16.13	57.07	48.07	3.43	13.99	0.83	0.032	5.99	2.61	0.44
64	429	0	90	44.77	170.26	145.23	71.81	66.95	15.75	55.99	47.32	3.29	14.40	0.83	0.032	6.74	2.59	0.38
64	419	0	90	42.39	170.82	145.74	72.40	67.40	15.84	56.18	47.25	3.24	14.60	0.83	0.032	7.08	2.79	0.39
64	409	0	90	46.88	170.86	145.37	72.21	67.49	15.86	56.60	46.77	3.28	14.26	0.83	0.032	8.50	3.23	0.38
64	399	0	90	43.25	176.06	150.45	73.72	68.43	16.09	57.57	50.05	3.38	14.80	0.83	0.034	8.49	3.44	0.40
64	389	0	90	46.28	179.94	153.55	73.94	69.34	16.30	58.34	52.26	3.36	15.54	0.83	0.035	10.02	3.54	0.35
64	379	0	90	46.82	180.69	154.32	76.34	70.15	16.47	58.84	51.70	3.36	15.37	0.83	0.035	9.76	3.89	0.40
64	369	0	90	45.89	178.30	151.73	75.57	70.07	16.42	59.01	49.22	3.41	14.42	0.83	0.034	10.86	4.10	0.38
64	359	0	90	46.25	178.65	151.74	74.21	69.89	16.35	59.01	49.75	3.38	14.71	0.83	0.034	10.23	4.15	0.41
64	349	0	90	43.61	180.50	153.42	76.47	71.23	16.64	59.30	49.97	3.26	15.33	0.83	0.034	11.97	4.10	0.34
64	339	0	90	51.12	182.60	155.44	78.29	72.56	16.89	60.06	49.98	3.53	14.15	0.83	0.036	9.94	4.17	0.42
64	329	0	90	50.84	185.41	157.59	79.77	74.19	17.22	60.94	50.28	3.47	14.50	0.83	0.036	10.67	4.36	0.41
64	319	0	90	49.57	192.52	163.91	81.61	75.95	17.57	61.74	54.84	3.54	15.47	0.83	0.037	10.98	4.63	0.42
64	309	0	90	48.73	191.58	162.60	83.09	77.43	17.88	61.97	52.17	3.37	15.47	0.83	0.037	10.67	4.33	0.41
64	299	0	90	49.30	192.33	163.08	82.63	77.52	17.85	62.18	52.63	3.25	16.21	0.83	0.037	10.42	4.29	0.41
64	289	0	90	51.29	195.54	166.26	82.64	77.42	17.79	61.93	56.19	3.34	16.84	0.84	0.038	11.24	4.46	0.40
64	279	0	90	53.11	194.04	165.25	82.86	76.94	17.66	61.15	55.94	3.49	16.03	0.83	0.038	11.60	4.50	0.39
64	269	0	90	50.79	191.34	162.63	81.06	76.11	17.48	60.00	55.23	3.44	16.07	0.84	0.037	10.67	4.40	0.41
64	259	0	90	52.46	189.34	161.18	80.51	75.10	17.21	59.34	54.89	3.32	16.53	0.83	0.037	10.52	4.23	0.40
64	249	0	90	47.57	183.81	155.90	77.72	73.36	16.82	58.42	52.03	3.04	17.12	0.84	0.035	11.73	4.19	0.36
64	239	0	90	45.66	175.44	148.62	77.64	72.37	16.60	57.31	45.76	3.24	14.12	0.83	0.033	9.97	3.73	0.37
64	229	0	90	44.38	176.29	149.24	77.05	72.58	16.65	56.93	46.78	3.23	14.49	0.83	0.033	9.70	3.56	0.37
64	219	0	90	44.50	179.91	153.16	78.46	72.55	16.69	56.48	50.88	3.34	15.23	0.83	0.035	9.10	3.69	0.41
64	209	0	90	42.85	174.80	148.01	76.08	71.59	16.50	55.41	47.80	2.70	17.68	0.83	0.032	10.09	3.49	0.35
64	199	0	90	41.76	172.27	145.77	75.70	71.33	16.46	55.09	45.84	3.00	15.30	0.83	0.032	9.49	3.24	0.34
64	189	0	90	46.63	172.98	146.83	76.82	71.50	16.49	55.27	46.21	2.96	15.61	0.83	0.033	9.02	3.10	0.34
64	179	0	90	43.53	172.99	146.56	76.43	71.58	16.53	55.36	46.06	2.89	15.92	0.83	0.032	8.68	2.91	0.34
64	169	0	90	40.89	172.39	145.80	76.38	71.70	16.59	55.08	45.61	2.78	16.40	0.83	0.031	8.46	2.79	0.33
64	159	0	90	44.71	169.80	143.89	76.51	71.20	16.49	54.64	43.96	3.13	14.06	0.83	0.031	7.09	2.60	0.37
64	149	0	90	47.38	171.59	146.11	75.06	69.63	16.10	54.21	47.75	3.06	15.62	0.83	0.032	7.32	2.60	0.36
74	149	0	90	47.10	165.96	140.86	72.75	68.08	15.72	53.25	44.62	3.00	14.89	0.83	0.031	7.41	2.51	0.34
74	159	0	90	44.72	167.08	141.89	75.37	69.44	16.05	53.85	43.79	2.87	15.24	0.83	0.031	7.50	2.60	0.35
74	169	0	90	44.17	170.33	144.12	74.40	70.26	16.23	54.34	45.73	2.94	15.57	0.83	0.032	8.62	2.82	0.33
74	179	0	90	43.79	171.52	145.61	75.16	70.28	16.21	54.40	46.84	2.79	16.79	0.83	0.032	8.85	2.97	0.34
74	189	0	90	41.54	170.20	144.04	74.80	70.14	16.14	54.27	45.79	2.96	15.49	0.83	0.031	9.18	3.03	0.33
74	199	0	90	42.95	170.34	144.28	74.33	69.80	16.04	54.14	46.39	2.94	15.77	0.83	0.031	9.86	3.20	0.32
74	209	0	90	44.14	171.60	145.72	74.92	69.46	15.92	54.40	47.74	2.94	16.22	0.83	0.032	11.47	3.34	0.29
74	219	0	90	44.73	173.00	146.96	74.45	69.55	15.88	54.93	48.52	3.07	15.80	0.83	0.032	9.36	3.45	0.37
74	229	0	90	45.06	171.22	144.84	73.66	69.62	15.87	55.33	46.27	3.20	14.47	0.83	0.033	10.04	3.51	0.35
74	239	0	90	43.09	171.53	145.45	75.30	69.83	15.86	55.99	45.71	3.15	14.53	0.83	0.032	11.22	3.62	0.32
74	249	0	90	44.22	177.63	151.07	75.61	70.52	15.99	56.89	50.21	3.04	16.54	0.83	0.034	10.89	3.98	0.37
74	259	0	90	49.94	182.33	155.12	77.25	71.95	16.29	57.71	52.67	3.22	16.34	0.84	0.035	10.76	4.18	0.39
74	269	0	90	49.89	183.36	156.32	78.89	72.73	16.43	58.40	52.24	3.54	14.75	0.83	0.036	10.93	4.22	0.39
74	279	0	90	45.40	183.68	155.70	78.70	73.79	16.73	59.15	50.74	3.21	15.82	0.83	0.035	10.93	4.10	0.37
74	289	0	90	46.18	186.35	158.07	79.36	74.41	16.88	59.93	52.02	3.31	15.72	0.84	0.035	11.40	4.16	0.37
74	299	0	90	50.59	188.42	160.13	80.23	75.04	17.05	60.26	53.11	3.51	15.14	0.83	0.036	10.65	4.26	0.40
74	309	0	90	47.54	186.29	158.14	79.75	74.51	16.96	60.11	51.67	3.44	15.00	0.83	0.036	10.55	4.26	0.40
74	319	0	90	47.36	182.53	155.36	78.84	72.95	16.61	59.53	50.06	3.53	14.19	0.83	0.036	10.02	4.27	0.43
74	329	0	90	43.75	174.83	147.79	75.28	71.09	16.24	58.44	45.30	3.28	13.80	0.83	0.032	9.93	3.99	0.40
74	339	0	90	44.28	172.13	145.96	75.48	69.79	15.97	57.83	44.51	3.29	13.54	0.83	0.033	10.26	3.93	0.38
74	349	0	90	40.97	172.39	145.88	72.93	68.96	15.82	57.44	45.99	3.30	13.92	0.83	0.032	10.64	3.90	0.37
74	359	0	90	47.11	171.67	145.81	71.95	67.60	15.55	57.04	47.03	3.36	13.99	0.83	0.033	9.60	3.95	0.41
74	369	0	90	45.73	172.12	146.46	72.34	67.40	15.51	56.82	47.90	3.30	14.53	0.83	0.033	9.65	3.99	0.41
74	379	0	90	41.83	174.47	148.64	71.73	67.48	15.57	56.60	50.39	3.34	15.09	0.83	0.034	10.25	3.77	0.37
74	389	0	90	45.32	172.57	146.84	70.31	66.95	15.46	55.94	49.68	3.10	16.00	0.83	0.033	9.01	3.56	0.39
74	399	0	90	45.02	169.99	145.23	72.61	66.55	15.33	55.41	48.03	3.20	15.00	0.83	0.033	9.37	3.35	0.36
74	409	0	90	41.70	168.99	143.93	70.49	66.09	15.20	54.89	48.01	3.30	14.54	0.83	0.032	8.23	3.23	0.39
74	419	0	90	37.98	165.32	140.47	69.15	65.18	14.97	54.27	45.87	2.94	15.59	0.83	0.030	8.31	2.79	0.34
74	429	0	90	44.00	164.14	139.86	69.86	64.84	14.87	53.85	45.45	3.04	14.95	0.83	0.030	7.37	2.64	0.36
84	429	0	90	41.98	163.89	139.67	68.34	63.96	14.66	53.48	46.45	2.94	15.78	0.83	0.030	7.76	2.70	0.35
84	419	0	90	42.17	166.63	142.40	69.61	64.54	14.79	53.90	48.20	3.20	15.08	0.83	0.032	7.97	2.90	0.36
84	409	0	90	41.47	168.98	144.37	70.33	65.15	14.96	54.47	49.36	3.02	16.33	0.84	0.032	8.46	3.21	0.38
84	399	0	90	42.20	170.33	145.50	71.10	66.08	15.21	55.03	49.21	3.36	14.65	0.83	0.033	9.01	3.38	0.38
84	389	0	90	45.60	169.04	144.16	70.65	65.83	15.12	55.27	47.94	3.35	14.32	0.83	0.033	9.65	3.49	0.36
84	379	0	90	40.73	168.66	143.06	69.92	66.05	15.17	55.55	47.06	3.10	15.20	0.83	0.032	10.11	3.66	0.36
84	369	0	90	43.92	171.51	146.14	71.40	66.46	15.22	55.95	49.09	3.40	14.45	0.83	0.033	10.19	3.89	0.38
84	359	0	90	43.72	170.25	144.56	71.05	66.90	15.31	56.00	47.35	3.31	14.31	0.83	0.032	10.03	3.92	0.39
84	349	0	90	46.30	169.07	143.82	72.48	67.22	15.31	56.38	45.48	3.21	14.16	0.83	0.033	11.20	3.95	0.35
84	339	0	90	40.62	166.81	140.58	70.47	67.54	15.35	56.50	42.77	3.01	14.19	0.83	0.030	10.34	3.80	0.37
84	329	0	90	42.52	170.08	143.62	72.59	69.08	15.65	56.96	44.05	3.23	13.65	0.83	0.031	9.96	3.80	0.38
84	319	0	90	44.53	175.98	149.11	74.90	70.61	15.93	57.83	47.54	3.25	14.62	0.83	0.034	10.53	3.95	0.38
84	309	0	90	49.67	181.81	154.92	78.41	72.12	16.24	58.67	51.01	3.34	15.28	0.83	0.036	10.80	4.25	0.39
84	299	0	90	48.45	184.73	157.31	79.04	73.16	16.43	59.01	52.55	3.41	15.43	0.83	0.037	11.53	4.35	0.38
84	289	0	90	46.80	181.72	153.58	76.40	73.07	16.40	58.70	49.95	3.24	15.40	0.83	0.034	11.41	4.19	0.37
84	279	0	90	45.37	178.53	151.29	77.13	72.28	16.18	57.85	48.40	3.40	14.25	0.83	0.034	10.65	4.16	0.39
84	269	0	90	46.12	175.49	149.01	76.01	70.74	15.81	56.98	47.77	3.07	15.58	0.83	0.034	11.04	4.00	0.36
84	259	0	90	48.13	177.46	151.17	74.64	69.67	15.56	56.27	51.52	3.31	15.57	0.83	0.035	11.08	4.04	0.36
84	249	0	90	45.62	173.15	147.14	73.47	68.41	15.29	55.31	49.43	3.09	15.98	0.84	0.033	11.14	3.93	0.35
84	239	0	90	44.55	168.68	143.01	71.15	67.23	15.03	54.27	47.19	3.10	15.23	0.83	0.032	10.24	3.73	0.36
84	229	0	90	44.96	166.15	141.32	72.51	66.81	14.96	53.72	45.62	2.91	15.70	0.83	0.032	10.12	3.43	0.34
84	219	0	90	41.92	166.17	141.07	71.17	66.67	14.98	53.36	46.14	2.89	15.95	0.83	0.031	9.86	3.25	0.33
84	209	0	90	44.52	168.85	143.75	72.49	67.44	15.20	53.01	48.41	3.07	15.75	0.83	0.032	8.92	3.29	0.37
84	199	0	90	43.58	167.37	142.44	74.80	68.45	15.48	52.80	46.12	3.22	14.35	0.83	0.032	9.32	3.29	0.35
84	189	0	90	44.15	166.93	141.63	73.22	68.40	15.47	52.86	45.68	2.75	16.61	0.83	0.032	8.95	3.18	0.36
84	179	0	90	40.35	167.63	141.73	71.97	68.60	15.56	53.03	46.01	2.86	16.08	0.83	0.030	9.30	3.02	0.33
84	169	0	90	45.46	166.11	141.14	75.03	68.75	15.59	52.90	44.46	2.93	15.17	0.83	0.031	9.00	2.86	0.32
84	159	0	90	47.08	165.74	140.53	72.34	67.84	15.38	52.41	45.49	2.76	16.49	0.83	0.031	8.26	2.76	0.33
84	149	0	90	42.15	164.33	139.34	71.55	67.08	15.18	51.88	45.37	2.96	15.35	0.83	0.031	7.90	2.68	0.34
94	149	0	90	45.18	169.76	144.92	72.80	67.35	15.25	51.94	50.47	2.85	17.71	0.84	0.033	8.21	2.94	0.36
94	159	0	90	43.82	169.33	144.80	73.39	67.33	15.26	52.19	49.81	2.91	17.13	0.84	0.033	8.72	2.96	0.34
94	169	0	90	40.17	166.90	141.59	71.80	67.52	15.31	52.49	46.90	2.79	16.83	0.83	0.031	8.75	2.96	0.34
94	179	0	90	44.04	168.60	143.21	72.23	68.09	15.40	52.77	47.74	3.06	15.62	0.83	0.032	9.33	3.13	0.34
94	189	0	90	44.61	168.96	143.68	72.68	67.91	15.34	52.83	48.22	2.98	16.16	0.83	0.033	9.53	3.34	0.35
94	199	0	90	42.18	169.50	144.12	71.78	67.50	15.22	52.93	49.07	2.88	17.01	0.84	0.032	10.59	3.42	0.32
94	209	0	90	41.36	166.98	142.30	72.27	66.68	14.97	52.88	47.42	2.90	16.34	0.83	0.032	10.09	3.44	0.34
94	219	0	90	43.07	164.74	139.64	70.16	66.28	14.81	53.12	45.34	3.01	15.05	0.83	0.032	9.57	3.45	0.36
94	229	0	90	41.64	164.50	139.29	70.45	66.21	14.77	53.31	44.97	2.94	15.31	0.83	0.031	9.29	3.49	0.38
94	239	0	90	42.38	167.54	141.93	69.64	66.23	14.74	53.85	47.46	2.83	16.78	0.84	0.032	10.95	3.67	0.34
94	249	0	90	47.08	172.03	146.85	73.05	67.43	14.93	54.90	49.70	3.51	14.15	0.83	0.035	10.19	4.00	0.39
94	259	0	90	40.99	176.86	150.10	71.86	68.80	15.26	55.70	52.36	3.04	17.22	0.84	0.034	11.36	4.17	0.37
94	269	0	90	47.26	177.04	150.41	74.38	70.06	15.50	56.59	50.39	3.35	15.03	0.83	0.035	11.43	4.17	0.36
94	279	0	90	42.84	180.41	152.83	75.63	71.64	15.92	57.43	51.35	2.93	17.50	0.84	0.034	11.94	4.27	0.36
94	289	0	90	42.02	181.70	154.23	77.85	72.50	16.11	58.07	51.14	3.29	15.53	0.84	0.035	11.50	4.29	0.37
94	299	0	90	46.14	178.01	150.68	76.78	72.05	16.02	57.87	48.09	3.47	13.84	0.83	0.033	10.18	4.07	0.40
94	309	0	90	47.81	176.37	149.68	75.55	70.49	15.71	57.37	48.52	3.35	14.46	0.83	0.033	11.35	4.07	0.36
94	319	0	90	43.53	172.94	146.95	74.38	68.87	15.37	56.44	47.63	3.14	15.16	0.83	0.033	10.85	4.03	0.37
94	329	0	90	42.74	170.33	144.57	73.00	67.87	15.19	55.87	46.60	3.23	14.45	0.83	0.032	10.37	3.98	0.38
94	339	0	90	43.68	166.04	141.11	72.02	66.58	14.93	55.37	44.09	3.28	13.44	0.83	0.032	10.43	3.80	0.36
94	349	0	90	44.61	164.78	140.07	71.49	65.80	14.80	55.04	43.94	3.43	12.82	0.83	0.032	9.55	3.76	0.39
94	359	0	90	43.63	167.01	142.14	71.15	66.07	14.92	54.83	46.11	3.17	14.52	0.83	0.032	10.70	3.84	0.36
94	369	0	90	40.57	169.07	143.91	69.97	65.82	14.88	54.80	48.44	3.18	15.22	0.83	0.033	9.82	3.83	0.39
94	379	0	90	43.37	168.07	143.12	70.21	65.43	14.81	54.51	48.13	3.28	14.68	0.83	0.033	9.97	3.63	0.36
94	389	0	90	38.97	171.55	146.42	70.74	65.93	14.95	54.54	51.09	2.97	17.21	0.84	0.033	10.16	3.66	0.36
94	399	0	90	45.64	172.07	147.27	71.85	66.03	14.96	54.41	51.64	3.30	15.66	0.83	0.034	9.85	3.48	0.35
94	409	0	90	46.04	170.08	145.90	71.47	65.29	14.77	54.01	50.77	3.26	15.56	0.83	0.034	8.65	3.14	0.36
94	419	0	90	41.01	166.14	142.01	68.97	64.15	14.48	53.27	48.72	2.98	16.35	0.84	0.032	8.79	2.86	0.33
94	429	0	90	45.29	162.15	138.29	68.56	63.66	14.33	52.77	45.72	3.12	14.66	0.83	0.031	7.62	2.64	0.35
104	429	0	90	38.80	167.75	142.94	68.71	65.03	14.63	53.50	49.22	3.07	16.03	0.84	0.031	7.89	2.75	0.35
104	419	0	90	37.69	171.04	145.67	69.68	66.03	14.92	53.97	51.05	2.85	17.92	0.84	0.031	8.91	2.85	0.32
104	409	0	90	41.61	172.16	147.02	70.70	66.33	15.01	54.44	51.39	3.21	16.01	0.84	0.033	8.18	3.10	0.38
104	399	0	90	44.63	171.19	145.91	71.50	66.83	15.12	54.61	49.75	3.05	16.29	0.83	0.033	8.76	3.29	0.38
104	389	0	90	42.92	170.81	145.26	70.73	66.56	15.04	54.75	49.50	3.10	15.94	0.84	0.033	10.03	3.54	0.35
104	379	0	90	39.89	169.94	144.21	69.70	66.13	14.95	54.87	48.93	3.14	15.61	0.84	0.032	10.60	3.73	0.35
104	369	0	90	44.49	168.67	143.53	70.45	65.83	14.83	54.92	47.92	3.19	15.02	0.83	0.033	10.25	3.88	0.38
104	359	0	90	41.74	166.91	141.48	68.85	65.75	14.76	54.83	46.33	3.01	15.40	0.83	0.032	10.34	3.95	0.38
104	349	0	90	44.10	166.35	141.50	71.71	66.23	14.84	54.78	45.33	3.18	14.27	0.83	0.033	10.89	3.92	0.36
104	339	0	90	45.19	167.93	142.78	72.45	67.11	14.99	55.05	45.77	3.25	14.07	0.83	0.032	10.05	3.91	0.39
104	329	0	90	45.18	170.82	144.76	72.33	68.18	15.18	55.71	46.93	3.24	14.46	0.83	0.033	10.49	4.02	0.38
104	319	0	90	45.33	172.00	145.77	73.85	69.45	15.42	56.29	46.26	3.36	13.76	0.83	0.034	11.03	4.09	0.37
104	309	0	90	45.40	174.45	147.97	75.23	70.37	15.57	57.05	47.02	3.29	14.29	0.83	0.034	11.93	4.14	0.35
104	299	0	90	45.86	176.40	149.28	76.35	71.89	15.88	57.65	46.86	3.40	13.80	0.83	0.034	10.49	4.10	0.39
104	289	0	90	49.02	179.71	152.68	78.66	72.84	16.06	57.90	48.97	3.54	13.85	0.83	0.036	10.46	4.19	0.40
104	279	0	90	47.09	178.27	150.98	76.05	71.81	15.80	57.47	48.99	3.39	14.47	0.83	0.035	11.15	4.24	0.38
104	269	0	90	50.66	177.92	151.01	75.34	70.53	15.48	56.64	50.75	3.29	15.44	0.83	0.035	11.87	4.33	0.36
104	259	0	90	42.57	174.34	148.10	73.92	69.01	15.13	55.65	49.68	3.19	15.57	0.84	0.034	11.36	4.15	0.36
104	249	0	90	43.54	171.98	146.35	72.33	67.55	14.85	54.61	49.83	3.02	16.51	0.84	0.033	10.27	4.00	0.39
104	239	0	90	45.36	169.18	144.00	71.62	66.89	14.73	53.67	48.63	3.24	15.02	0.83	0.033	9.87	3.92	0.40
104	229	0	90	41.71	166.13	140.48	70.12	66.68	14.75	53.07	46.38	2.78	16.71	0.84	0.031	11.96	3.77	0.32
104	219	0	90	42.65	164.60	139.39	71.67	66.93	14.83	52.88	44.79	2.92	15.36	0.83	0.031	10.31	3.57	0.35
104	209	0	90	46.19	167.10	142.46	73.39	67.11	14.91	52.89	47.10	3.26	14.43	0.83	0.033	10.24	3.64	0.36
104	199	0	90	43.87	169.88	144.83	73.98	67.97	15.16	52.86	49.05	2.85	17.20	0.83	0.033	10.73	3.58	0.33
104	189	0	90	39.05	169.45	143.28	71.71	68.33	15.27	52.45	48.66	2.69	18.08	0.83	0.032	10.70	3.46	0.32
104	179	0	90	40.59	168.04	142.35	71.74	67.91	15.19	52.25	47.88	2.84	16.83	0.83	0.031	9.91	3.19	0.32
104	169	0	90	39.49	166.75	141.09	71.23	67.70	15.16	51.92	47.13	2.86	16.47	0.84	0.030	8.78	3.07	0.35
104	159	0	90	43.52	166.34	141.36	73.12	68.05	15.23	51.62	46.67	2.78	16.78	0.83	0.032	8.75	2.93	0.33
104	149	0	90	39.35	165.95	140.35	70.82	67.75	15.16	51.06	47.14	2.79	16.93	0.84	0.030	8.77	2.79	0.32
114	149	0	90	38.80	166.63	141.33	73.23	68.64	15.34	51.69	46.30	2.67	17.35	0.83	0.031	8.47	2.79	0.33
114	159	0	90	42.32	166.31	140.88	73.90	68.88	15.41	51.96	45.48	2.80	16.21	0.83	0.031	8.08	2.85	0.35
114	169	0	90	40.44	167.45	141.47	72.07	68.87	15.41	52.24	46.34	2.74	16.93	0.83	0.031	9.29	2.94	0.32
114	179	0	90	40.80	165.05	139.59	73.36	68.80	15.36	52.56	43.69	3.07	14.25	0.83	0.030	9.02	3.09	0.34
114	189	0	90	41.89	169.10	143.53	74.52	69.31	15.45	52.98	46.80	2.91	16.10	0.83	0.032	9.91	3.40	0.34
114	199	0	90	45.66	171.92	146.25	74.23	69.09	15.38	53.39	49.45	3.14	15.77	0.83	0.034	9.68	3.75	0.39
114	209	0	90	41.44	168.82	142.80	72.45	68.49	15.20	53.30	47.03	2.88	16.35	0.83	0.032	11.25	3.78	0.34
114	219	0	90	38.54	168.16	142.51	72.48	68.18	15.08	53.36	46.63	2.82	16.51	0.84	0.031	11.20	3.73	0.33
114	229	0	90	48.68	171.02	145.59	74.41	68.48	15.06	54.00	48.54	3.18	15.25	0.83	0.035	10.71	3.97	0.37
114	239	0	90	45.07	174.16	148.47	74.58	68.79	15.11	54.51	50.86	3.25	15.66	0.84	0.034	10.43	4.12	0.39
114	249	0	90	49.93	177.07	150.67	75.10	69.84	15.30	55.57	51.66	3.48	14.84	0.83	0.035	11.95	4.35	0.36
114	259	0	90	43.45	176.80	150.09	76.98	71.41	15.62	56.45	48.94	3.26	15.01	0.83	0.034	11.99	4.41	0.37
114	269	0	90	47.15	179.80	152.65	78.47	72.72	15.89	57.50	49.58	3.38	14.66	0.83	0.035	11.30	4.56	0.40
114	279	0	90	47.58	181.26	153.67	78.10	73.22	16.01	58.12	49.92	3.56	14.04	0.83	0.036	11.23	4.58	0.41
114	289	0	90	44.37	179.52	152.10	78.40	73.10	16.00	58.10	48.32	3.32	14.56	0.83	0.034	10.74	4.44	0.41
114	299	0	90	48.96	177.69	150.48	77.74	72.51	15.90	57.95	47.23	3.39	13.94	0.83	0.034	11.69	4.38	0.37
114	309	0	90	45.10	176.69	149.58	76.71	71.75	15.77	57.23	47.71	3.47	13.76	0.83	0.034	10.27	4.31	0.42
114	319	0	90	42.62	174.23	147.48	74.68	70.32	15.52	56.33	47.57	3.31	14.39	0.83	0.033	10.99	4.29	0.39
114	329	0	90	40.88	170.29	143.91	72.81	68.85	15.22	55.77	45.67	3.25	14.04	0.83	0.032	10.85	3.98	0.37
114	339	0	90	40.89	167.76	142.20	72.77	67.54	14.96	55.09	45.12	3.00	15.05	0.83	0.031	10.72	3.92	0.37
114	349	0	90	42.35	167.03	141.77	71.65	66.79	14.85	54.70	45.54	3.18	14.33	0.83	0.032	10.55	3.98	0.38
114	359	0	90	43.09	169.72	144.34	71.31	66.62	14.84	54.77	48.32	3.08	15.70	0.83	0.033	11.43	4.05	0.35
114	369	0	90	47.21	171.73	146.46	72.31	67.07	14.96	55.05	49.61	3.51	14.13	0.83	0.034	10.53	4.05	0.38
114	379	0	90	41.67	171.74	146.57	73.27	67.42	15.07	54.96	49.35	3.26	15.15	0.83	0.034	9.74	3.84	0.39
114	389	0	90	45.20	169.93	144.86	73.23	67.37	15.05	54.84	47.72	3.33	14.35	0.83	0.033	8.45	3.44	0.41
114	399	0	90	42.51	169.20	143.79	71.27	67.01	14.99	54.43	47.76	3.09	15.45	0.83	0.032	9.08	3.22	0.35
114	409	0	90	45.07	171.80	146.61	72.14	66.97	14.97	54.38	50.45	3.21	15.72	0.83	0.033	8.97	3.04	0.34
114	419	0	90	41.78	175.16	149.36	70.76	67.40	15.05	54.23	53.53	3.06	17.51	0.84	0.033	8.90	3.07	0.34
114	429	0	90	37.56	173.72	147.88	70.11	66.71	14.84	53.77	53.24	2.99	17.78	0.84	0.032	8.37	3.02	0.36
124	429	0	90	48.57	177.35	152.34	74.36	67.81	15.02	54.68	54.86	3.59	15.30	0.84	0.035	7.87	3.16	0.40
124	419	0	90	46.95	176.87	151.30	72.01	67.74	15.07	54.72	54.42	3.34	16.29	0.84	0.035	8.48	3.19	0.38
124	409	0	90	44.32	174.05	148.50	72.13	67.53	15.06	54.92	51.60	3.40	15.17	0.83	0.034	7.62	3.14	0.41
124	399	0	90	40.45	169.38	143.37	71.62	67.95	15.16	55.15	46.28	2.95	15.70	0.83	0.031	8.54	3.14	0.37
124	389	0	90	43.01	170.24	144.57	74.27	68.89	15.37	55.64	45.70	3.31	13.82	0.83	0.032	8.18	3.38	0.41
124	379	0	90	39.21	172.91	146.42	73.37	69.41	15.50	55.81	47.70	3.16	15.08	0.83	0.032	9.33	3.67	0.39
124	369	0	90	43.51	174.10	147.88	74.77	69.74	15.54	55.92	48.44	3.24	14.97	0.83	0.034	10.13	4.00	0.39
124	359	0	90	44.53	170.47	144.54	74.66	69.14	15.36	55.74	45.59	3.24	14.06	0.83	0.032	9.92	3.89	0.39
124	349	0	90	47.56	169.31	143.58	73.67	68.46	15.15	55.65	45.19	3.35	13.48	0.83	0.033	10.45	3.91	0.37
124	339	0	90	45.72	169.53	143.76	74.44	69.02	15.23	55.88	44.63	3.44	12.97	0.83	0.033	9.97	4.01	0.40
124	329	0	90	42.74	171.11	144.67	74.98	70.00	15.42	56.13	44.99	3.24	13.88	0.83	0.032	10.98	4.05	0.37
124	319	0	90	45.04	176.89	149.63	76.24	71.57	15.74	56.84	48.48	3.18	15.27	0.83	0.034	12.52	4.41	0.35
124	309	0	90	46.16	180.62	152.84	77.66	73.27	16.05	57.76	49.58	3.38	14.69	0.83	0.034	10.30	4.44	0.43
124	299	0	90	49.42	182.02	154.41	80.13	74.24	16.19	58.59	49.19	3.50	14.05	0.83	0.036	10.08	4.48	0.44
124	289	0	90	50.09	180.31	152.36	80.52	75.04	16.35	58.81	46.46	3.40	13.68	0.83	0.035	11.59	4.49	0.39
124	279	0	90	48.52	181.41	153.48	80.68	75.13	16.35	58.62	47.67	3.60	13.24	0.83	0.035	11.52	4.66	0.40
124	269	0	90	50.20	181.73	153.98	80.48	74.51	16.20	58.05	49.17	3.67	13.38	0.83	0.035	11.96	4.74	0.40
124	259	0	90	42.72	180.54	152.49	77.40	73.65	16.04	57.15	49.74	3.28	15.17	0.83	0.035	12.35	4.67	0.38
124	249	0	90	41.45	180.03	152.35	76.42	72.39	15.78	56.28	51.37	3.04	16.89	0.84	0.034	13.18	4.58	0.35
124	239	0	90	50.42	174.68	148.59	77.42	71.13	15.50	55.34	48.21	3.35	14.40	0.83	0.034	10.76	4.10	0.38
124	229	0	90	43.26	171.82	145.80	75.55	69.98	15.28	54.50	47.34	3.32	14.24	0.83	0.033	10.61	4.04	0.38
124	219	0	90	47.15	169.17	143.56	74.27	69.20	15.14	53.89	46.08	3.22	14.30	0.83	0.033	10.65	3.78	0.35
124	209	0	90	36.99	168.22	142.41	73.63	69.05	15.16	53.50	45.67	2.87	15.91	0.83	0.031	11.10	3.73	0.34
124	199	0	90	46.26	170.73	144.98	74.80	69.46	15.27	53.41	47.87	3.11	15.37	0.83	0.033	10.39	3.66	0.35
124	189	0	90	43.51	169.30	143.56	74.32	69.55	15.33	53.15	46.59	3.00	15.52	0.83	0.032	9.60	3.42	0.36
124	179	0	90	42.70	168.04	142.25	73.79	69.24	15.29	52.62	46.18	3.00	15.41	0.83	0.032	8.23	3.19	0.39
124	169	0	90	45.84	165.79	140.62	74.55	68.98	15.25	52.14	44.68	2.93	15.23	0.83	0.032	8.18	2.91	0.36
124	159	0	90	39.58	163.61	138.34	72.72	68.38	15.14	51.54	43.68	2.89	15.13	0.83	0.030	7.86	2.73	0.35
124	149	0	90	40.49	165.81	140.57	73.60	68.73	15.20	51.42	45.66	2.71	16.87	0.83	0.030	8.71	2.70	0.31
134	149	0	90	45.78	167.95	142.47	75.03	69.87	15.45	51.81	46.27	2.88	16.06	0.83	0.031	8.50	2.75	0.32
134	159	0	90	42.58	165.48	140.09	74.74	69.47	15.38	51.93	44.07	2.72	16.23	0.83	0.031	8.86	2.73	0.31
134	169	0	90	43.06	167.16	141.43	74.53	69.87	15.45	52.42	44.86	2.90	15.49	0.83	0.031	9.24	2.97	0.32
134	179	0	90	47.60	171.89	146.22	77.71	70.94	15.65	53.22	47.73	3.07	15.57	0.83	0.033	9.72	3.30	0.34
134	189	0	90	46.31	169.68	143.29	75.94	71.20	15.67	53.70	44.79	3.03	14.76	0.83	0.032	9.22	3.31	0.36
134	199	0	90	40.70	171.66	145.07	75.70	71.03	15.58	54.05	46.58	3.10	15.01	0.83	0.032	9.12	3.53	0.39
134	209	0	90	40.38	172.21	145.31	73.43	70.57	15.44	54.20	47.43	3.06	15.50	0.83	0.033	10.43	3.75	0.36
134	219	0	90	44.47	171.79	145.16	75.67	70.91	15.47	54.66	46.23	3.11	14.84	0.83	0.032	11.32	3.91	0.35
134	229	0	90	42.30	174.87	147.28	75.32	71.95	15.66	55.37	47.54	2.88	16.48	0.83	0.032	12.82	4.14	0.32
134	239	0	90	52.69	179.06	152.08	79.69	73.69	15.98	56.49	48.88	3.63	13.45	0.83	0.036	10.03	4.35	0.43
134	249	0	90	43.46	183.88	155.47	79.25	74.63	16.19	57.35	51.90	3.05	17.02	0.84	0.035	12.55	4.81	0.38
134	259	0	90	49.11	186.33	157.98	81.06	75.61	16.37	58.34	52.39	3.54	14.78	0.83	0.037	12.07	4.89	0.41
134	269	0	90	48.21	183.60	155.14	81.96	76.30	16.52	58.89	48.41	3.73	12.99	0.83	0.036	11.03	4.85	0.44
134	279	0	90	48.64	184.77	155.94	81.65	76.86	16.66	59.37	48.54	3.60	13.49	0.83	0.035	12.33	4.82	0.39
134	289	0	90	45.64	185.06	155.84	81.49	76.93	16.67	59.39	48.75	3.37	14.46	0.83	0.035	11.25	4.64	0.41
134	299	0	90	47.55	187.20	158.03	80.38	76.36	16.59	59.06	51.78	3.44	15.05	0.83	0.035	12.31	4.72	0.38
134	309	0	90	48.40	182.32	154.38	80.06	74.70	16.26	58.34	49.29	3.54	13.92	0.83	0.035	11.04	4.45	0.40
134	319	0	90	47.58	178.56	151.47	78.51	72.69	15.86	57.45	48.42	3.58	13.52	0.83	0.035	10.69	4.41	0.41
134	329	0	90	43.86	173.82	146.89	76.21	71.40	15.62	56.65	45.77	3.33	13.74	0.83	0.033	10.46	4.23	0.40
134	339	0	90	46.06	173.27	146.45	75.62	70.88	15.57	56.46	45.93	3.17	14.51	0.83	0.033	10.42	4.22	0.40
134	349	0	90	42.13	173.01	146.42	75.71	70.53	15.53	56.44	46.04	3.16	14.56	0.83	0.032	10.57	4.06	0.38
134	359	0	90	47.42	172.40	145.67	76.27	71.17	15.72	56.41	44.82	3.35	13.39	0.83	0.032	9.68	3.90	0.40
134	369	0	90	48.13	175.55	149.26	77.29	71.29	15.75	56.54	47.71	3.44	13.88	0.83	0.035	9.94	3.83	0.39
134	379	0	90	42.47	174.73	147.89	74.95	70.80	15.64	56.25	47.68	3.31	14.41	0.83	0.033	9.11	3.61	0.40
134	389	0	90	44.42	173.33	146.73	75.21	70.58	15.61	56.13	46.63	3.41	13.69	0.83	0.033	8.31	3.40	0.41
134	399	0	90	42.30	171.99	145.81	74.30	69.50	15.40	55.75	46.74	3.00	15.58	0.83	0.032	8.75	3.25	0.37
134	409	0	90	41.31	174.96	148.70	72.33	68.73	15.19	55.35	50.88	3.22	15.80	0.83	0.033	8.72	3.27	0.38
134	419	0	90	48.33	178.96	153.21	74.00	68.77	15.17	55.22	54.97	3.33	16.52	0.84	0.035	8.52	3.29	0.39
134	429	0	90	41.20	177.36	151.14	72.39	68.60	15.08	54.78	53.98	3.14	17.17	0.84	0.034	8.65	3.15	0.36
144	429	0	90	45.65	181.46	155.07	75.57	70.33	15.46	55.98	55.14	3.38	16.30	0.84	0.036	8.45	3.33	0.39
144	419	0	90	46.59	180.24	153.73	76.28	70.90	15.63	56.35	52.98	3.22	16.45	0.84	0.035	8.16	3.23	0.40
144	409	0	90	45.85	174.87	148.04	75.53	71.36	15.76	56.59	46.91	3.39	13.83	0.83	0.032	9.03	3.19	0.35
144	399	0	90	41.91	173.83	146.82	76.76	71.95	15.93	56.92	44.97	3.21	14.03	0.83	0.032	8.82	3.18	0.36
144	389	0	90	43.15	176.54	149.38	77.45	72.78	16.12	57.35	46.40	3.38	13.71	0.83	0.033	8.41	3.41	0.41
144	379	0	90	44.85	176.98	149.75	77.98	72.85	16.10	57.50	46.64	3.44	13.55	0.83	0.033	8.60	3.55	0.41
144	369	0	90	45.34	176.14	148.77	77.77	73.34	16.19	57.58	45.22	3.23	14.00	0.83	0.033	9.43	3.69	0.39
144	359	0	90	47.05	177.66	150.38	79.20	73.52	16.22	57.81	46.32	3.59	12.90	0.83	0.034	10.13	4.01	0.40
144	349	0	90	44.89	179.13	151.73	78.87	73.44	16.16	57.85	47.84	3.49	13.70	0.83	0.034	9.90	4.25	0.43
144	339	0	90	49.12	182.26	154.69	79.82	73.81	16.18	57.90	50.54	3.45	14.67	0.83	0.036	11.77	4.67	0.40
144	329	0	90	46.86	183.28	155.42	79.41	74.13	16.19	57.99	51.16	3.47	14.76	0.83	0.036	11.88	4.68	0.39
144	319	0	90	44.12	180.47	152.02	78.38	74.56	16.22	58.27	47.64	3.21	14.84	0.83	0.034	11.10	4.44	0.40
144	309	0	90	53.01	185.98	157.38	81.63	76.36	16.56	59.19	50.43	3.76	13.41	0.83	0.037	10.90	4.82	0.44
144	299	0	90	49.78	190.76	161.25	82.14	77.38	16.75	59.73	53.65	3.35	16.01	0.84	0.037	12.06	5.10	0.42
144	289	0	90	50.04	188.53	158.95	83.31	78.52	16.97	60.10	49.90	3.51	14.20	0.83	0.036	11.47	4.93	0.43
144	279	0	90	50.77	187.48	158.62	84.89	78.43	16.92	60.07	48.97	3.75	13.06	0.83	0.037	12.07	4.80	0.40
144	269	0	90	52.17	185.23	156.30	82.83	77.56	16.71	59.42	48.25	3.65	13.22	0.83	0.036	11.61	4.69	0.40
144	259	0	90	48.54	187.63	158.95	82.91	76.95	16.59	58.78	51.91	3.51	14.81	0.83	0.037	12.52	5.06	0.40
144	249	0	90	46.61	185.94	157.49	81.50	76.10	16.44	57.92	51.92	3.35	15.49	0.83	0.036	11.89	4.92	0.41
144	239	0	90	49.23	181.02	153.30	81.50	75.26	16.26	56.98	48.77	3.38	14.41	0.83	0.036	12.35	4.60	0.37
144	229	0	90	44.80	179.53	151.82	78.66	73.73	15.95	55.98	49.81	3.03	16.44	0.83	0.035	12.07	4.45	0.37
144	219	0	90	46.48	175.43	148.66	78.49	72.49	15.71	55.16	47.78	3.19	14.97	0.83	0.034	10.79	4.12	0.38
144	209	0	90	47.05	174.35	147.54	77.09	72.05	15.66	54.77	47.53	3.20	14.87	0.83	0.034	11.12	3.90	0.35
144	199	0	90	45.89	172.13	145.25	77.06	72.54	15.80	54.34	45.25	3.19	14.18	0.83	0.032	10.37	3.58	0.35
144	189	0	90	44.27	171.11	144.37	78.23	73.00	15.97	53.99	44.12	3.03	14.54	0.83	0.032	8.71	3.31	0.38
144	179	0	90	44.80	173.97	147.10	77.35	72.62	15.92	53.62	47.73	3.10	15.39	0.83	0.033	10.36	3.33	0.32
144	169	0	90	45.80	170.23	144.27	77.51	71.67	15.73	52.97	45.58	3.19	14.30	0.83	0.032	8.52	3.01	0.35
144	159	0	90	46.21	167.25	141.36	75.54	70.62	15.51	52.25	44.37	2.97	14.92	0.83	0.031	8.21	2.81	0.34
144	149	0	90	44.32	168.84	142.72	76.32	71.37	15.69	52.01	45.45	2.80	16.26	0.83	0.031	8.68	2.81	0.32
154	149	0	90	44.39	170.96	144.33	78.65	73.24	16.12	52.82	44.90	2.92	15.36	0.83	0.031	8.57	2.73	0.32
154	159	0	90	43.43	170.93	144.01	77.84	73.38	16.15	53.25	44.29	2.99	14.81	0.83	0.031	8.14	2.76	0.34
154	169	0	90	49.26	172.41	145.30	79.03	74.40	16.34	54.03	43.98	3.11	14.16	0.82	0.032	8.16	2.93	0.36
154	179	0	90	49.67	175.09	147.76	80.51	75.13	16.45	54.75	45.21	3.25	13.90	0.83	0.033	8.63	3.20	0.37
154	189	0	90	44.42	172.30	145.23	80.09	74.85	16.35	54.95	42.50	3.11	13.65	0.82	0.032	8.48	3.31	0.39
154	199	0	90	44.21	173.69	146.26	79.16	74.32	16.19	55.03	44.35	3.13	14.18	0.83	0.032	10.22	3.54	0.35
154	209	0	90	44.76	176.47	148.93	77.81	73.60	15.96	55.43	47.44	3.24	14.63	0.83	0.034	10.99	3.93	0.36
154	219	0	90	49.62	176.42	149.45	79.87	73.87	16.01	55.75	46.80	3.54	13.21	0.83	0.035	10.90	4.08	0.37
154	229	0	90	46.80	181.44	153.38	80.65	75.27	16.28	56.68	49.49	3.22	15.38	0.83	0.035	11.41	4.45	0.39
154	239	0	90	48.49	182.36	153.79	81.97	76.63	16.54	57.67	48.07	3.44	13.97	0.83	0.035	12.16	4.66	0.38
154	249	0	90	49.06	186.10	157.11	83.09	77.89	16.80	58.63	49.58	3.51	14.13	0.83	0.036	11.49	4.83	0.42
154	259	0	90	54.07	188.87	159.71	84.34	78.87	16.97	59.58	50.42	3.77	13.36	0.83	0.037	11.48	5.03	0.44
154	269	0	90	51.89	188.77	159.22	84.96	79.32	17.06	60.27	49.18	3.62	13.59	0.83	0.037	11.98	4.92	0.41
154	279	0	90	50.72	189.72	160.05	86.41	80.23	17.30	60.81	48.68	3.65	13.32	0.83	0.036	11.37	4.88	0.43
154	289	0	90	51.85	192.01	162.19	86.91	80.55	17.38	60.82	50.64	3.63	13.96	0.83	0.037	12.29	5.15	0.42
154	299	0	90	51.16	191.64	162.23	85.11	79.13	17.09	60.33	52.18	3.56	14.65	0.83	0.037	12.37	5.16	0.42
154	309	0	90	49.22	188.30	159.19	83.25	77.91	16.86	59.62	50.77	3.64	13.93	0.83	0.037	13.02	5.08	0.39
154	319	0	90	47.98	185.98	157.38	82.51	76.64	16.63	58.92	50.42	3.58	14.08	0.83	0.036	12.12	4.89	0.40
154	329	0	90	48.65	189.35	160.24	80.39	76.07	16.59	58.71	54.57	3.34	16.32	0.84	0.037	12.68	5.05	0.40
154	339	0	90	49.10	189.45	161.13	82.09	75.91	16.58	58.74	54.80	3.51	15.61	0.83	0.038	11.53	4.96	0.43
154	349	0	90	48.08	183.62	155.79	81.54	75.35	16.51	58.68	49.59	3.57	13.91	0.83	0.036	11.07	4.49	0.41
154	359	0	90	46.11	180.31	152.26	80.83	75.27	16.54	58.50	46.54	3.43	13.58	0.83	0.034	10.96	4.07	0.37
154	369	0	90	49.57	178.23	150.79	81.58	75.06	16.51	58.29	44.88	3.53	12.70	0.82	0.034	9.70	3.74	0.39
154	379	0	90	49.37	180.81	153.14	80.05	74.67	16.44	58.20	47.93	3.48	13.76	0.83	0.035	8.72	3.70	0.42
154	389	0	90	46.91	178.99	151.58	80.40	74.52	16.43	57.87	46.59	3.54	13.15	0.83	0.034	8.30	3.51	0.42
154	399	0	90	50.37	177.51	150.38	79.89	74.19	16.35	57.64	45.68	3.38	13.53	0.83	0.033	8.67	3.31	0.38
154	409	0	90	38.96	175.74	147.81	76.52	73.39	16.15	57.13	45.21	3.09	14.64	0.83	0.031	8.25	3.00	0.36
154	419	0	90	42.57	177.49	150.52	77.21	72.42	15.89	56.70	48.37	3.14	15.39	0.83	0.033	7.49	3.10	0.41
154	429	0	90	46.59	179.24	152.42	77.03	71.78	15.70	56.19	51.27	3.36	15.25	0.83	0.034	8.91	3.28	0.37
164	429	0	90	46.71	177.00	149.96	78.94	73.47	16.09	56.89	46.63	3.38	13.78	0.83	0.034	7.56	3.13	0.41
164	419	0	90	47.47	176.54	149.06	79.75	74.41	16.33	57.45	44.68	3.47	12.87	0.83	0.032	7.31	2.98	0.41
164	409	0	90	47.03	177.30	149.70	81.26	75.39	16.58	58.12	43.80	3.59	12.20	0.82	0.032	7.06	2.96	0.42
164	399	0	90	42.77	179.82	151.65	81.11	76.20	16.79	58.48	45.14	3.37	13.40	0.83	0.033	8.24	3.30	0.40
164	389	0	90	48.21	182.22	153.99	81.46	76.09	16.78	58.86	47.27	3.35	14.09	0.83	0.034	8.43	3.62	0.43
164	379	0	90	47.66	182.00	154.02	83.27	76.78	16.91	59.17	46.05	3.46	13.32	0.83	0.034	9.02	3.67	0.41
164	369	0	90	45.70	182.47	153.97	83.07	77.36	17.02	59.32	45.79	3.40	13.45	0.83	0.034	10.46	3.92	0.37
164	359	0	90	49.84	182.96	154.73	82.99	76.65	16.82	59.15	47.17	3.66	12.87	0.83	0.035	10.03	4.17	0.42
164	349	0	90	49.41	182.81	154.44	81.95	76.49	16.74	59.31	47.01	3.67	12.81	0.83	0.035	10.03	4.22	0.42
164	339	0	90	44.65	188.52	159.39	81.38	77.12	16.84	59.24	52.16	3.44	15.16	0.83	0.036	11.71	4.73	0.40
164	329	0	90	53.12	192.73	163.90	83.61	77.65	16.91	59.42	55.66	3.54	15.74	0.83	0.039	11.80	5.12	0.43
164	319	0	90	52.34	190.86	161.33	83.74	78.62	17.05	59.69	52.56	3.87	13.59	0.83	0.037	12.19	5.01	0.41
164	309	0	90	49.11	192.14	162.31	85.79	80.03	17.30	60.32	51.78	3.56	14.53	0.83	0.037	11.72	5.12	0.44
164	299	0	90	54.39	194.93	164.94	87.41	81.00	17.46	61.03	52.90	3.84	13.79	0.83	0.038	12.73	5.21	0.41
164	289	0	90	50.81	192.50	162.18	87.33	81.64	17.58	61.19	49.67	3.52	14.12	0.83	0.037	10.76	4.95	0.46
164	279	0	90	49.87	190.75	160.21	86.36	81.49	17.52	61.26	48.01	3.30	14.54	0.83	0.035	11.82	4.91	0.42
164	269	0	90	49.52	190.78	160.67	86.78	80.76	17.34	60.89	49.13	3.58	13.72	0.83	0.036	12.06	5.03	0.42
164	259	0	90	52.15	189.70	160.19	86.37	80.31	17.26	60.14	49.26	3.61	13.66	0.83	0.037	11.89	5.00	0.42
164	249	0	90	47.47	184.57	155.14	83.44	79.04	17.01	59.00	46.52	3.37	13.79	0.83	0.035	11.47	4.55	0.40
164	239	0	90	47.53	181.54	152.53	82.08	77.69	16.73	57.98	45.86	3.26	14.09	0.83	0.034	12.32	4.47	0.36
164	229	0	90	47.02	179.29	150.88	80.55	76.37	16.46	57.00	45.92	3.24	14.18	0.83	0.034	10.64	4.28	0.40
164	219	0	90	46.52	177.75	149.86	79.76	74.94	16.18	56.04	46.77	3.25	14.40	0.83	0.034	11.20	4.22	0.38
164	209	0	90	44.03	175.27	147.56	80.06	75.01	16.25	55.76	44.50	3.14	14.19	0.83	0.033	10.97	3.85	0.35
164	199	0	90	46.03	173.09	145.55	80.71	75.57	16.41	55.38	42.13	3.23	13.06	0.82	0.032	8.80	3.50	0.40
164	189	0	90	45.32	171.83	144.51	82.62	76.34	16.63	55.17	40.32	3.14	12.84	0.82	0.031	8.50	3.25	0.38
164	179	0	90	42.82	172.74	145.22	81.40	76.19	16.62	54.96	41.59	3.12	13.34	0.82	0.031	8.86	3.08	0.35
164	169	0	90	52.32	172.79	145.90	81.90	75.61	16.53	54.41	42.78	3.28	13.03	0.82	0.033	7.87	2.88	0.37
164	159	0	90	42.34	169.68	142.31	79.05	74.76	16.37	53.53	41.39	2.89	14.33	0.82	0.030	7.11	2.66	0.37
164	149	0	90	46.79	169.09	142.85	81.05	74.60	16.34	53.00	41.49	3.18	13.05	0.82	0.032	7.00	2.59	0.37
174	149	0	90	45.25	167.56	140.67	80.74	75.44	16.55	53.12	38.99	2.88	13.54	0.82	0.030	6.68	2.52	0.38
174	159	0	90	46.34	169.35	142.64	82.64	76.16	16.70	53.90	39.28	3.24	12.13	0.82	0.031	7.00	2.61	0.37
174	169	0	90	45.46	170.61	142.81	81.52	76.94	16.84	54.74	38.92	3.10	12.57	0.82	0.031	7.52	2.68	0.36
174	179	0	90	47.22	172.48	144.62	83.21	77.44	16.90	55.33	39.71	3.24	12.24	0.82	0.031	7.63	2.97	0.39
174	189	0	90	43.25	173.10	144.59	81.44	77.27	16.84	55.50	40.32	3.02	13.36	0.82	0.030	9.91	3.28	0.33
174	199	0	90	43.20	172.73	144.35	80.02	76.35	16.59	55.53	40.85	2.98	13.71	0.82	0.031	10.34	3.46	0.33
174	209	0	90	44.22	173.54	145.58	81.46	76.03	16.47	55.93	41.58	3.22	12.90	0.83	0.031	9.27	3.66	0.39
174	219	0	90	46.16	176.60	148.90	82.35	76.26	16.47	56.53	43.81	3.21	13.64	0.83	0.033	11.08	4.11	0.37
174	229	0	90	47.78	179.46	151.22	83.40	77.34	16.66	57.38	44.74	3.23	13.85	0.83	0.034	10.76	4.23	0.39
174	239	0	90	44.66	182.44	153.13	83.86	78.77	16.95	58.35	45.32	3.41	13.27	0.83	0.034	12.07	4.38	0.36
174	249	0	90	47.98	186.05	156.19	84.48	79.99	17.19	59.35	46.71	3.39	13.78	0.83	0.035	11.75	4.57	0.39
174	259	0	90	48.46	187.80	157.88	86.49	80.75	17.33	60.20	46.85	3.68	12.74	0.83	0.035	11.13	4.80	0.43
174	269	0	90	51.10	190.96	160.49	86.70	81.73	17.53	61.15	48.08	3.83	12.55	0.83	0.036	11.73	5.05	0.43
174	279	0	90	54.14	192.01	161.85	88.57	82.39	17.69	61.46	48.16	3.83	12.56	0.82	0.037	11.33	4.99	0.44
174	289	0	90	48.88	192.70	162.33	88.38	82.07	17.64	61.34	49.29	3.53	13.95	0.83	0.037	10.92	4.97	0.46
174	299	0	90	51.55	195.29	164.83	87.22	81.62	17.57	61.20	52.46	3.49	15.05	0.83	0.038	11.80	5.14	0.44
174	309	0	90	50.00	195.93	165.34	85.80	80.97	17.44	60.57	54.39	3.46	15.72	0.83	0.038	12.43	5.20	0.42
174	319	0	90	49.45	194.11	164.23	83.97	79.09	17.10	59.80	55.22	3.54	15.60	0.83	0.039	12.80	5.43	0.42
174	329	0	90	45.18	191.19	161.86	83.01	77.80	16.89	59.27	54.12	3.41	15.85	0.83	0.038	12.46	5.21	0.42
174	339	0	90	50.82	187.41	158.46	82.93	77.55	16.88	59.21	50.65	3.60	14.08	0.83	0.037	11.20	4.81	0.43
174	349	0	90	49.25	184.33	155.61	82.61	76.95	16.79	59.13	48.25	3.57	13.51	0.83	0.035	11.05	4.63	0.42
174	359	0	90	49.85	183.73	155.45	83.30	76.89	16.82	59.29	47.55	3.48	13.66	0.83	0.035	11.15	4.45	0.40
174	369	0	90	49.87	185.24	156.59	83.92	78.02	17.10	59.53	47.70	3.64	13.10	0.83	0.035	10.04	4.16	0.41
174	379	0	90	48.09	181.96	153.59	84.54	77.69	17.06	59.22	45.05	3.56	12.66	0.82	0.034	7.67	3.70	0.48
174	389	0	90	48.58	179.65	151.24	81.45	76.72	16.83	58.87	44.06	3.61	12.19	0.82	0.034	8.32	3.55	0.43
174	399	0	90	48.74	179.33	151.35	81.94	76.31	16.75	58.46	44.56	3.53	12.62	0.82	0.033	8.84	3.41	0.39
174	409	0	90	44.91	177.66	149.78	81.02	75.78	16.61	58.12	43.76	3.47	12.61	0.82	0.032	7.64	3.02	0.40
174	419	0	90	40.16	174.93	146.78	78.61	74.77	16.35	57.41	42.76	3.13	13.67	0.83	0.031	7.50	2.94	0.39
174	429	0	90	47.40	175.89	148.71	79.40	73.92	16.11	56.92	45.05	3.27	13.79	0.83	0.033	8.51	3.06	0.36
184	429	0	90	47.02	176.25	148.94	79.88	74.24	16.18	57.04	44.97	3.35	13.40	0.83	0.032	7.40	2.91	0.39
184	419	0	90	46.18	176.55	148.91	79.46	74.84	16.35	57.76	43.95	3.36	13.10	0.82	0.032	7.05	2.89	0.41
184	409	0	90	47.33	178.01	150.08	81.26	75.90	16.63	58.15	43.96	3.34	13.15	0.82	0.033	7.73	3.11	0.40
184	399	0	90	43.82	178.70	150.77	82.76	76.46	16.79	58.45	43.80	3.38	12.97	0.82	0.033	8.83	3.38	0.38
184	389	0	90	44.95	179.93	151.35	81.88	77.20	16.94	58.90	43.83	3.36	13.04	0.82	0.033	8.97	3.63	0.40
184	379	0	90	52.62	181.14	152.74	84.37	77.88	17.09	59.30	43.96	3.71	11.85	0.82	0.035	8.54	3.81	0.45
184	369	0	90	51.06	184.50	156.04	84.50	78.06	17.11	59.45	46.99	3.60	13.07	0.83	0.035	10.57	4.20	0.40
184	359	0	90	50.50	184.15	155.71	82.88	77.13	16.87	59.18	47.84	3.54	13.50	0.83	0.035	10.98	4.44	0.40
184	349	0	90	50.82	187.29	158.38	82.65	77.18	16.82	59.14	50.97	3.51	14.53	0.83	0.037	11.84	4.94	0.42
184	339	0	90	49.70	188.94	159.56	82.10	77.79	16.93	59.08	52.06	3.36	15.49	0.83	0.037	14.51	5.09	0.35
184	329	0	90	50.08	190.19	161.22	84.23	78.11	16.95	59.23	52.84	3.46	15.26	0.83	0.038	12.65	5.23	0.41
184	319	0	90	50.55	193.57	163.98	85.24	79.29	17.12	59.81	54.46	3.67	14.83	0.83	0.039	12.79	5.46	0.43
184	309	0	90	54.77	196.41	166.55	87.64	80.90	17.42	60.67	54.84	3.56	15.41	0.83	0.040	12.14	5.31	0.44
184	299	0	90	46.40	194.95	164.24	86.31	81.50	17.50	61.00	52.46	3.50	14.98	0.83	0.037	11.90	5.15	0.43
184	289	0	90	50.56	194.71	163.62	86.76	82.31	17.67	61.21	51.19	3.48	14.70	0.83	0.037	13.56	5.20	0.38
184	279	0	90	52.15	193.52	162.94	87.31	82.39	17.66	61.19	49.94	3.72	13.41	0.83	0.037	12.01	5.14	0.43
184	269	0	90	47.31	189.71	159.22	86.44	81.86	17.53	60.72	47.12	3.44	13.70	0.83	0.036	12.70	4.87	0.38
184	259	0	90	45.42	186.61	156.61	85.44	80.43	17.24	59.78	46.40	3.41	13.60	0.83	0.035	12.20	4.74	0.39
184	249	0	90	42.67	184.12	154.63	83.79	79.28	17.01	58.82	46.02	3.26	14.12	0.83	0.034	12.73	4.62	0.36
184	239	0	90	48.40	182.39	153.47	84.48	78.59	16.86	58.08	45.72	3.31	13.81	0.83	0.035	11.48	4.45	0.39
184	229	0	90	43.25	177.67	148.84	81.31	77.17	16.60	56.98	43.52	3.04	14.33	0.83	0.032	11.00	4.14	0.38
184	219	0	90	45.96	174.82	146.84	81.23	76.11	16.41	55.97	42.74	3.02	14.16	0.83	0.032	11.46	3.93	0.34
184	209	0	90	45.87	173.54	145.97	81.36	75.86	16.40	55.55	42.13	3.04	13.88	0.82	0.033	10.03	3.72	0.37
184	199	0	90	44.15	173.10	145.22	80.19	75.97	16.47	55.17	41.97	3.15	13.33	0.82	0.031	9.32	3.49	0.37
184	189	0	90	47.46	174.15	146.67	83.82	76.90	16.71	55.20	42.05	3.10	13.58	0.82	0.032	9.17	3.32	0.36
184	179	0	90	46.30	172.57	144.84	83.39	77.33	16.86	54.96	40.28	3.36	12.01	0.82	0.031	8.21	2.96	0.36
184	169	0	90	43.41	169.33	141.79	82.04	76.82	16.78	54.15	38.36	3.14	12.21	0.82	0.030	7.94	2.64	0.33
184	159	0	90	43.64	167.22	139.96	80.89	75.66	16.56	53.34	38.22	2.63	14.53	0.82	0.029	7.50	2.55	0.34
184	149	0	90	42.85	166.25	139.36	79.82	74.85	16.37	52.54	38.87	2.89	13.43	0.82	0.030	7.62	2.50	0.33
194	149	0	90	43.51	166.51	140.13	78.97	73.84	16.17	51.85	40.82	2.79	14.63	0.82	0.030	8.01	2.60	0.32
194	159	0	90	47.15	169.20	142.50	80.34	74.75	16.36	52.84	41.61	3.11	13.39	0.82	0.031	7.97	2.68	0.34
194	169	0	90	46.34	170.44	143.22	80.77	75.59	16.53	53.66	41.19	3.01	13.69	0.82	0.031	7.98	2.74	0.34
194	179	0	90	43.32	170.94	143.30	80.54	76.07	16.60	54.10	40.76	3.06	13.31	0.82	0.031	8.36	2.92	0.35
194	189	0	90	49.05	173.12	146.01	82.15	75.87	16.49	54.54	42.72	3.32	12.87	0.82	0.033	8.31	3.22	0.39
194	199	0	90	46.63	172.99	146.06	81.41	75.10	16.29	54.53	43.36	3.26	13.29	0.82	0.033	8.32	3.42	0.41
194	209	0	90	43.97	173.48	145.83	80.38	75.33	16.31	54.83	43.32	3.03	14.31	0.83	0.032	9.76	3.65	0.37
194	219	0	90	44.65	175.53	147.65	81.18	75.84	16.37	55.51	44.19	3.20	13.82	0.83	0.032	10.88	3.91	0.36
194	229	0	90	49.36	178.50	150.53	82.65	76.73	16.49	56.54	45.23	3.32	13.61	0.83	0.034	11.58	4.29	0.37
194	239	0	90	46.28	181.11	152.21	83.06	77.91	16.71	57.51	45.70	3.40	13.44	0.83	0.034	10.95	4.34	0.40
194	249	0	90	48.43	182.51	153.50	84.20	78.68	16.86	58.46	45.36	3.38	13.43	0.83	0.034	11.05	4.33	0.39
194	259	0	90	48.96	185.31	155.75	85.11	79.64	17.04	59.35	46.32	3.34	13.87	0.83	0.035	11.92	4.54	0.38
194	269	0	90	50.72	189.28	159.66	87.93	81.15	17.37	60.19	47.95	3.79	12.65	0.83	0.037	11.56	4.89	0.42
194	279	0	90	52.24	194.75	164.82	89.11	82.03	17.56	60.75	51.98	3.70	14.05	0.83	0.039	12.94	5.33	0.41
194	289	0	90	51.31	192.92	162.34	86.01	81.52	17.47	60.69	50.72	3.59	14.13	0.83	0.037	12.04	5.02	0.42
194	299	0	90	51.43	192.33	162.50	86.10	80.52	17.26	60.21	51.59	3.67	14.05	0.83	0.038	11.20	5.07	0.45
194	309	0	90	51.06	191.06	161.15	84.85	79.58	17.10	59.63	51.85	3.45	15.04	0.83	0.037	12.83	5.13	0.40
194	319	0	90	51.12	191.41	162.16	83.54	78.10	16.82	59.04	54.27	3.50	15.50	0.83	0.038	13.16	5.52	0.42
194	329	0	90	46.61	190.57	161.21	81.35	77.11	16.67	58.43	55.03	3.34	16.47	0.84	0.038	13.50	5.44	0.40
194	339	0	90	50.29	188.83	159.90	82.43	76.81	16.66	58.28	53.74	3.56	15.08	0.83	0.037	13.07	5.35	0.41
194	349	0	90	46.00	184.44	155.65	81.28	76.49	16.65	58.18	49.77	3.47	14.32	0.83	0.036	11.72	4.90	0.42
194	359	0	90	50.23	180.60	152.50	82.17	76.27	16.63	58.11	46.22	3.65	12.67	0.82	0.035	10.02	4.37	0.44
194	369	0	90	43.64	179.71	151.03	81.83	76.97	16.83	58.43	44.31	3.15	14.08	0.83	0.033	10.52	3.99	0.38
194	379	0	90	49.27	179.21	151.18	82.60	76.66	16.76	58.52	44.03	3.56	12.37	0.82	0.033	9.78	3.78	0.39
194	389	0	90	44.68	180.46	151.83	80.48	76.14	16.65	58.24	46.07	3.22	14.32	0.83	0.033	9.27	3.82	0.41
194	399	0	90	45.88	177.13	149.24	80.07	75.32	16.48	57.86	43.95	3.20	13.74	0.82	0.032	8.24	3.37	0.41
194	409	0	90	44.44	176.86	149.07	79.65	74.83	16.34	57.41	44.61	3.23	13.81	0.82	0.033	8.70	3.09	0.36
194	419	0	90	46.81	177.54	149.89	78.19	73.94	16.11	56.99	46.61	3.32	14.02	0.83	0.033	7.53	3.03	0.40
194	429	0	90	47.28	176.35	149.33	78.85	73.44	15.97	56.37	46.54	3.28	14.20	0.83	0.032	7.38	2.89	0.39
204	429	0	90	44.31	172.74	146.11	77.34	72.44	15.73	55.65	44.65	3.26	13.68	0.83	0.032	7.29	2.83	0.39
204	419	0	90	45.40	174.15	147.23	77.12	72.56	15.80	56.05	45.54	3.35	13.61	0.83	0.032	7.42	2.96	0.40
204	409	0	90	41.50	175.98	148.33	77.46	73.57	16.06	56.53	45.87	3.16	14.52	0.83	0.031	8.53	3.10	0.36
204	399	0	90	46.93	176.03	148.69	79.01	73.95	16.15	56.91	45.17	3.42	13.22	0.83	0.033	7.92	3.30	0.42
204	389	0	90	44.85	177.68	149.91	79.71	74.58	16.30	57.48	45.62	3.37	13.54	0.83	0.033	9.34	3.72	0.40
204	379	0	90	42.30	176.03	147.97	79.59	74.74	16.34	57.38	43.91	3.19	13.79	0.83	0.032	9.85	3.91	0.40
204	369	0	90	45.19	175.36	147.64	80.18	75.14	16.40	57.40	42.82	3.32	12.89	0.82	0.033	9.47	3.95	0.42
204	359	0	90	46.28	176.93	149.39	80.61	74.71	16.27	57.14	45.07	3.34	13.48	0.83	0.034	10.62	4.31	0.41
204	349	0	90	45.96	178.43	150.30	79.22	74.60	16.21	56.82	47.01	3.30	14.26	0.83	0.034	11.50	4.63	0.40
204	339	0	90	47.24	182.95	154.52	79.26	74.92	16.21	57.06	50.97	3.46	14.74	0.83	0.036	12.84	5.20	0.41
204	329	0	90	44.89	186.28	157.44	79.51	75.38	16.25	57.38	53.52	3.05	17.57	0.84	0.036	15.05	5.46	0.36
204	319	0	90	53.03	186.38	158.04	82.73	76.69	16.47	58.02	51.66	3.67	14.08	0.83	0.038	11.84	5.11	0.43
204	309	0	90	49.28	187.53	158.29	83.34	78.06	16.72	58.70	50.76	3.37	15.04	0.83	0.037	13.86	4.87	0.35
204	299	0	90	47.87	189.41	159.96	85.20	79.34	16.98	59.46	50.61	3.47	14.59	0.83	0.037	12.94	4.87	0.38
204	289	0	90	50.59	189.62	159.83	85.66	80.18	17.14	59.67	49.77	3.55	14.00	0.83	0.037	11.26	4.79	0.43
204	279	0	90	45.23	191.08	160.68	84.87	80.49	17.21	59.57	51.03	3.30	15.48	0.83	0.036	12.58	5.14	0.41
204	269	0	90	51.80	187.22	158.24	86.51	79.79	17.01	59.28	48.16	3.56	13.55	0.83	0.037	13.03	4.88	0.37
204	259	0	90	46.08	184.42	155.24	83.10	77.86	16.61	58.16	48.40	3.45	14.02	0.83	0.034	10.83	4.64	0.43
204	249	0	90	44.78	180.43	152.01	82.57	76.85	16.42	57.16	46.43	3.24	14.34	0.83	0.034	11.47	4.32	0.38
204	239	0	90	47.60	177.66	149.87	82.84	76.28	16.33	56.31	45.07	3.30	13.67	0.83	0.034	11.85	4.19	0.35
204	229	0	90	44.75	174.47	147.11	81.24	75.18	16.15	55.40	43.89	3.24	13.56	0.83	0.033	10.42	3.94	0.38
204	219	0	90	45.47	170.65	143.48	79.45	74.19	16.00	54.33	42.14	3.11	13.55	0.83	0.032	10.20	3.63	0.36
204	209	0	90	40.94	169.01	141.88	77.94	73.34	15.87	53.53	42.14	2.81	15.00	0.83	0.031	10.14	3.48	0.34
204	199	0	90	46.08	171.66	144.77	78.03	73.18	15.86	53.28	45.20	3.04	14.85	0.83	0.032	10.32	3.56	0.35
204	189	0	90	44.95	168.60	142.07	79.70	73.68	16.00	53.09	41.83	3.06	13.67	0.83	0.031	8.55	3.11	0.36
204	179	0	90	46.75	166.26	139.78	79.37	73.91	16.09	52.84	39.51	3.05	12.94	0.82	0.031	7.63	2.84	0.37
204	169	0	90	40.96	163.96	137.67	79.20	73.41	16.02	52.19	38.36	2.81	13.64	0.82	0.029	8.54	2.57	0.30
204	159	0	90	43.24	163.51	137.06	76.68	72.53	15.83	51.53	39.46	2.74	14.40	0.82	0.029	6.88	2.45	0.36
204	149	0	90	41.48	163.50	137.82	77.52	72.04	15.73	50.75	40.71	2.79	14.61	0.82	0.030	7.38	2.47	0.33
214	149	0	90	44.96	160.77	135.71	73.93	69.40	15.15	49.31	42.06	2.92	14.43	0.83	0.030	7.37	2.42	0.33
214	159	0	90	41.61	161.39	135.94	74.59	70.13	15.32	50.22	41.04	2.99	13.71	0.83	0.029	7.47	2.52	0.34
214	169	0	90	42.30	161.28	135.64	75.34	70.74	15.43	51.01	39.54	2.75	14.36	0.82	0.029	7.62	2.59	0.34
214	179	0	90	39.56	162.05	135.87	75.14	71.43	15.56	51.39	39.24	2.75	14.28	0.83	0.028	8.97	2.79	0.31
214	189	0	90	43.93	163.95	138.25	76.39	71.24	15.47	51.67	41.04	3.02	13.58	0.82	0.031	8.51	3.14	0.37
214	199	0	90	43.65	165.67	139.79	75.84	70.90	15.35	51.88	42.89	2.98	14.42	0.83	0.031	9.85	3.50	0.36
214	209	0	90	44.96	165.74	139.88	76.21	70.95	15.31	52.26	42.53	3.11	13.69	0.83	0.031	10.22	3.61	0.35
214	219	0	90	41.72	168.15	141.35	76.22	72.06	15.52	53.15	42.94	3.21	13.39	0.83	0.031	10.18	3.69	0.36
214	229	0	90	40.08	170.77	143.25	77.05	73.14	15.71	54.02	43.61	2.67	16.36	0.83	0.031	12.23	3.81	0.31
214	239	0	90	42.59	173.84	146.87	80.86	74.17	15.85	55.04	44.63	3.26	13.69	0.83	0.034	10.61	4.05	0.38
214	249	0	90	47.63	175.90	148.46	80.87	74.92	15.97	55.89	45.09	3.23	13.98	0.83	0.033	11.45	4.22	0.37
214	259	0	90	44.68	180.99	152.98	81.54	75.83	16.15	56.78	48.38	3.28	14.74	0.83	0.035	11.84	4.56	0.39
214	269	0	90	47.75	186.00	157.18	83.19	77.60	16.52	57.80	50.60	3.37	15.04	0.83	0.036	12.73	4.74	0.37
214	279	0	90	44.53	187.87	158.53	83.80	78.42	16.72	58.23	51.22	3.42	14.98	0.83	0.036	13.16	4.98	0.38
214	289	0	90	48.20	186.25	156.77	82.04	78.24	16.70	58.34	49.68	3.36	14.81	0.83	0.036	11.81	4.66	0.39
214	299	0	90	50.52	183.98	155.51	83.84	77.31	16.48	58.01	48.67	3.46	14.05	0.83	0.036	10.96	4.59	0.42
214	309	0	90	50.75	182.43	154.52	81.27	75.18	16.03	57.21	50.04	3.45	14.50	0.83	0.036	12.19	4.79	0.39
214	319	0	90	46.65	181.77	154.08	78.89	73.78	15.77	56.37	51.62	3.45	14.94	0.83	0.036	12.73	4.95	0.39
214	329	0	90	45.04	177.88	150.23	77.17	72.72	15.62	55.81	49.35	3.45	14.32	0.83	0.034	12.31	4.86	0.39
214	339	0	90	41.00	174.79	147.48	76.38	71.92	15.48	55.29	47.58	3.20	14.89	0.83	0.033	12.37	4.76	0.38
214	349	0	90	42.58	170.35	143.40	75.72	71.32	15.41	55.07	43.96	3.16	13.93	0.83	0.031	11.60	4.32	0.37
214	359	0	90	39.91	169.33	142.45	75.83	71.33	15.48	55.24	42.76	3.12	13.72	0.83	0.031	11.74	4.13	0.35
214	369	0	90	48.03	172.06	145.29	77.12	72.01	15.64	55.74	44.32	3.43	12.93	0.83	0.033	10.23	4.11	0.40
214	379	0	90	46.84	174.55	148.01	78.51	72.50	15.78	56.00	46.05	3.43	13.44	0.83	0.034	10.17	4.05	0.40
214	389	0	90	49.82	175.96	149.36	78.68	72.41	15.77	56.00	47.55	3.47	13.72	0.83	0.034	9.23	3.74	0.41
214	399	0	90	44.59	173.57	146.98	77.23	71.96	15.68	55.55	46.07	3.29	14.01	0.83	0.032	8.95	3.33	0.37
214	409	0	90	43.07	169.15	142.68	76.22	71.52	15.56	55.13	42.50	3.28	12.96	0.82	0.031	7.37	2.89	0.39
214	419	0	90	44.27	168.79	142.64	74.78	70.31	15.25	54.63	43.85	3.20	13.70	0.83	0.031	7.90	2.85	0.36
214	429	0	90	43.74	169.61	143.65	75.18	70.20	15.19	54.36	45.05	3.23	13.95	0.83	0.032	7.12	2.80	0.39
224	429	0	90	41.32	166.75	141.42	72.40	67.91	14.69	52.88	45.97	3.02	15.20	0.83	0.031	7.38	2.75	0.37
224	419	0	90	43.53	164.87	140.13	74.16	67.83	14.69	53.03	44.01	3.21	13.71	0.83	0.031	7.54	2.75	0.36
224	409	0	90	42.56	163.48	138.13	72.25	68.01	14.76	53.29	42.17	3.11	13.58	0.83	0.031	7.26	2.86	0.39
224	399	0	90	40.57	166.29	140.50	73.08	68.77	14.95	53.74	43.79	3.01	14.53	0.83	0.031	8.39	3.19	0.38
224	389	0	90	45.71	168.78	143.19	75.08	69.55	15.12	54.10	45.13	3.39	13.32	0.83	0.033	9.18	3.51	0.38
224	379	0	90	44.15	169.28	143.49	75.38	69.79	15.16	54.16	45.34	3.31	13.70	0.83	0.033	10.65	3.96	0.37
224	369	0	90	42.22	165.90	140.06	73.17	68.50	14.82	53.66	43.74	3.20	13.68	0.83	0.031	10.50	3.97	0.38
224	359	0	90	42.58	162.72	137.00	71.42	67.80	14.64	53.11	41.80	3.15	13.26	0.83	0.031	9.71	3.83	0.39
224	349	0	90	43.50	162.30	137.10	72.74	67.92	14.62	52.97	41.41	3.16	13.11	0.83	0.032	11.14	3.89	0.35
224	339	0	90	42.95	163.59	138.06	74.08	68.77	14.75	53.30	41.52	3.25	12.77	0.83	0.031	10.60	3.94	0.37
224	329	0	90	43.80	167.33	141.37	74.95	69.77	14.93	53.89	43.67	3.17	13.77	0.83	0.033	10.85	4.16	0.38
224	319	0	90	46.64	171.77	145.07	75.31	70.99	15.15	54.66	46.13	3.11	14.85	0.83	0.033	11.79	4.37	0.37
224	309	0	90	47.40	176.48	149.19	77.68	72.91	15.51	55.69	47.87	3.39	14.13	0.83	0.034	11.20	4.45	0.40
224	299	0	90	44.61	177.76	150.05	80.29	74.87	15.92	56.41	46.49	3.37	13.79	0.83	0.034	11.66	4.35	0.37
224	289	0	90	46.45	182.58	154.31	81.20	76.00	16.16	56.91	49.67	3.36	14.80	0.83	0.035	11.24	4.52	0.40
224	279	0	90	46.50	181.03	152.54	81.25	76.37	16.23	56.82	47.83	3.33	14.36	0.83	0.034	10.50	4.48	0.43
224	269	0	90	47.50	181.65	153.23	79.97	75.54	16.06	56.22	49.89	3.39	14.72	0.83	0.035	11.97	4.54	0.38
224	259	0	90	46.73	174.77	147.46	78.84	73.70	15.65	55.40	45.67	3.17	14.42	0.83	0.033	10.83	4.13	0.38
224	249	0	90	43.38	168.22	141.67	78.60	72.73	15.48	54.38	41.11	3.22	12.76	0.82	0.032	9.64	3.83	0.40
224	239	0	90	42.40	168.84	142.20	77.29	72.04	15.37	53.65	43.16	2.96	14.56	0.83	0.032	9.60	3.78	0.39
224	229	0	90	44.47	167.21	140.98	75.50	70.94	15.19	52.76	43.51	3.08	14.14	0.83	0.032	9.83	3.76	0.38
224	219	0	90	40.10	163.95	138.26	74.39	69.67	14.99	51.70	42.58	2.90	14.67	0.83	0.031	11.75	3.69	0.31
224	209	0	90	40.56	162.13	136.86	73.95	69.22	14.94	50.94	41.97	2.93	14.30	0.83	0.031	10.46	3.62	0.35
224	199	0	90	37.86	161.85	136.54	73.24	68.68	14.87	50.37	42.80	2.74	15.62	0.83	0.030	10.97	3.45	0.31
224	189	0	90	39.50	162.57	137.26	72.69	68.49	14.87	50.06	44.02	2.61	16.87	0.83	0.030	10.23	3.14	0.31
224	179	0	90	41.64	162.04	137.01	73.22	68.57	14.92	49.80	43.68	2.77	15.76	0.83	0.030	9.56	2.82	0.30
224	169	0	90	37.14	158.69	133.44	71.01	67.92	14.79	49.24	41.53	2.71	15.34	0.83	0.028	8.67	2.61	0.30
224	159	0	90	41.74	155.94	131.44	71.26	67.03	14.61	48.56	40.35	2.83	14.24	0.83	0.029	7.79	2.42	0.31
224	149	0	90	37.04	155.44	131.33	70.28	66.03	14.38	47.55	41.86	2.47	16.95	0.83	0.028	7.97	2.34	0.29
234	149	0	90	36.30	150.66	127.28	66.32	63.09	13.70	46.12	41.45	2.33	17.79	0.83	0.027	8.42	2.26	0.27
234	159	0	90	42.63	155.24	131.86	69.06	63.97	13.91	46.95	44.31	2.59	17.12	0.83	0.029	7.52	2.45	0.33
234	169	0	90	42.86	159.42	135.75	70.69	65.31	14.21	47.80	46.30	2.78	16.66	0.83	0.031	7.47	2.59	0.35
234	179	0	90	41.86	159.49	135.29	70.53	65.64	14.26	48.24	45.61	2.49	18.28	0.84	0.030	9.26	2.80	0.30
234	189	0	90	40.07	159.18	135.01	69.99	65.69	14.22	48.58	44.91	2.76	16.28	0.83	0.030	9.39	3.07	0.33
234	199	0	90	39.42	156.69	132.54	71.72	66.17	14.32	48.97	41.55	2.82	14.75	0.83	0.030	10.24	3.28	0.32
234	209	0	90	42.63	157.96	133.47	71.71	67.00	14.45	49.62	41.33	3.05	13.53	0.83	0.030	10.46	3.45	0.33
234	219	0	90	44.28	160.44	136.00	73.00	67.22	14.42	50.19	43.02	2.93	14.68	0.83	0.031	10.13	3.67	0.36
234	229	0	90	40.47	163.11	137.48	72.10	68.14	14.55	51.17	43.81	3.03	14.48	0.83	0.031	10.58	3.71	0.35
234	239	0	90	43.61	163.68	138.15	74.15	69.23	14.74	51.91	42.54	2.94	14.46	0.83	0.031	10.90	3.66	0.34
234	249	0	90	44.22	162.91	136.98	75.53	70.34	14.97	52.73	39.85	3.14	12.70	0.83	0.030	9.85	3.56	0.36
234	259	0	90	43.98	166.88	140.50	76.12	71.26	15.11	53.69	41.93	3.19	13.15	0.83	0.031	10.44	3.83	0.37
234	269	0	90	42.79	173.02	145.94	77.41	72.33	15.34	54.43	46.26	3.12	14.85	0.83	0.032	10.41	4.05	0.39
234	279	0	90	45.90	173.78	147.05	78.87	72.86	15.41	54.96	45.96	3.21	14.33	0.83	0.034	10.48	4.08	0.39
234	289	0	90	46.14	176.74	149.62	78.46	73.06	15.46	55.08	48.61	3.18	15.27	0.83	0.035	11.91	4.37	0.37
234	299	0	90	47.51	171.65	145.06	78.15	72.19	15.29	54.62	44.84	3.41	13.17	0.83	0.033	10.36	4.14	0.40
234	309	0	90	45.32	167.97	141.81	75.76	70.65	14.98	53.87	43.45	3.26	13.33	0.83	0.032	10.09	3.87	0.38
234	319	0	90	42.86	163.66	137.56	72.72	68.95	14.65	52.91	41.81	2.97	14.09	0.83	0.030	11.18	3.79	0.34
234	329	0	90	41.26	158.65	133.62	71.65	67.11	14.31	52.10	39.44	3.15	12.51	0.83	0.030	10.68	3.67	0.34
234	339	0	90	41.47	155.32	131.04	71.70	65.72	14.03	51.35	38.25	3.07	12.45	0.83	0.029	10.68	3.58	0.33
234	349	0	90	40.41	154.87	130.51	69.53	65.12	13.98	50.94	38.82	2.96	13.13	0.83	0.029	9.90	3.45	0.35
234	359	0	90	40.16	155.04	130.44	68.69	64.88	13.95	50.90	39.26	2.87	13.69	0.83	0.028	10.85	3.53	0.33
234	369	0	90	45.05	159.98	135.30	70.92	65.91	14.21	51.63	42.44	3.16	13.44	0.83	0.031	9.87	3.80	0.38
234	379	0	90	37.84	162.21	137.00	70.39	66.40	14.36	51.97	43.84	2.91	15.06	0.83	0.030	10.62	3.58	0.34
234	389	0	90	43.34	160.39	135.98	71.51	66.19	14.33	51.94	42.26	2.92	14.46	0.83	0.030	9.33	3.30	0.35
234	399	0	90	40.59	158.16	133.81	70.56	65.50	14.18	51.55	41.11	3.11	13.21	0.83	0.030	8.26	2.97	0.36
234	409	0	90	34.68	157.10	132.62	68.29	65.04	14.07	51.03	41.03	2.85	14.41	0.83	0.028	8.74	2.79	0.32
234	419	0	90	39.73	162.52	138.35	70.55	65.34	14.13	50.99	46.19	2.99	15.44	0.83	0.031	7.59	2.78	0.37
234	429	0	90	43.14	163.27	138.96	71.04	65.76	14.18	51.01	46.49	3.19	14.56	0.83	0.031	7.63	2.73	0.36
244	429	0	90	36.78	155.25	131.15	66.54	63.44	13.68	48.95	42.86	2.72	15.77	0.83	0.028	8.17	2.64	0.32
244	419	0	90	41.66	157.94	134.45	67.70	63.16	13.63	49.19	45.59	2.83	16.12	0.83	0.030	8.54	2.79	0.33
244	409	0	90	37.99	153.08	129.57	66.98	62.99	13.59	49.24	40.84	2.84	14.36	0.83	0.028	8.48	2.75	0.32
244	399	0	90	44.21	152.94	129.96	68.87	63.26	13.66	49.73	39.95	2.98	13.41	0.83	0.029	8.62	2.93	0.34
244	389	0	90	39.85	154.17	130.19	67.57	63.67	13.75	50.10	40.40	2.99	13.51	0.83	0.029	8.86	3.07	0.35
244	379	0	90	39.85	154.19	130.36	67.73	63.71	13.72	50.22	40.26	2.84	14.18	0.83	0.029	10.10	3.19	0.32
244	369	0	90	38.53	153.34	129.65	67.06	62.99	13.52	49.77	40.57	3.03	13.38	0.83	0.029	9.37	3.38	0.36
244	359	0	90	40.38	150.96	127.51	66.76	62.38	13.38	49.32	39.27	2.96	13.26	0.83	0.029	9.21	3.36	0.37
244	349	0	90	40.18	149.54	126.27	67.59	62.75	13.41	49.26	37.54	2.83	13.25	0.83	0.028	9.98	3.25	0.33
244	339	0	90	41.21	148.94	125.04	67.83	63.83	13.60	49.65	35.46	3.00	11.81	0.82	0.027	8.80	3.12	0.35
244	329	0	90	39.49	152.06	127.50	69.26	65.20	13.85	50.37	36.50	2.83	12.90	0.82	0.028	9.01	3.24	0.36
244	319	0	90	44.17	157.66	132.77	70.71	66.58	14.11	51.43	39.64	3.16	12.56	0.82	0.030	9.07	3.47	0.38
244	309	0	90	43.34	161.66	136.35	73.24	68.48	14.48	52.34	40.84	3.18	12.84	0.83	0.031	9.98	3.54	0.35
244	299	0	90	44.53	164.47	139.12	74.86	69.19	14.62	52.81	42.48	3.25	13.08	0.83	0.032	9.58	3.75	0.39
244	289	0	90	42.60	164.47	138.87	74.12	69.12	14.61	52.81	42.54	2.84	14.96	0.83	0.031	10.77	3.76	0.35
244	279	0	90	42.28	162.32	136.35	72.36	68.78	14.49	52.56	40.97	3.07	13.34	0.83	0.030	10.90	3.62	0.33
244	269	0	90	41.84	162.11	136.51	72.57	68.20	14.39	52.20	41.70	3.03	13.76	0.83	0.030	9.81	3.54	0.36
244	259	0	90	34.89	156.16	130.43	69.77	67.19	14.22	51.27	37.71	2.63	14.34	0.83	0.027	10.19	3.29	0.32
244	249	0	90	43.88	154.93	130.50	71.68	66.77	14.14	50.77	37.39	3.02	12.37	0.82	0.029	9.26	3.27	0.35
244	239	0	90	42.55	155.47	131.29	70.73	65.69	13.94	50.03	39.76	3.00	13.27	0.83	0.029	9.44	3.40	0.36
244	229	0	90	38.28	155.78	131.34	67.93	64.37	13.70	49.16	42.24	2.72	15.55	0.83	0.029	10.70	3.37	0.32
244	219	0	90	41.44	154.52	130.89	68.75	63.99	13.71	48.51	42.02	2.78	15.12	0.83	0.030	12.18	3.32	0.27
244	209	0	90	42.67	151.47	128.61	70.08	63.78	13.70	47.94	39.76	2.82	14.12	0.83	0.030	8.98	3.23	0.36
244	199	0	90	42.43	151.16	127.94	68.41	63.60	13.72	47.40	40.16	2.90	13.87	0.83	0.029	9.02	3.04	0.34
244	189	0	90	42.05	156.60	133.38	68.33	63.41	13.72	47.08	46.12	2.68	17.21	0.83	0.030	8.91	3.06	0.34
244	179	0	90	41.13	153.39	130.29	66.95	62.95	13.65	46.61	43.83	2.71	16.15	0.83	0.030	9.27	2.73	0.29
244	169	0	90	38.18	151.70	128.62	65.68	62.00	13.45	45.99	43.71	2.44	17.90	0.84	0.028	8.66	2.53	0.29
244	159	0	90	39.66	147.63	125.36	65.90	61.19	13.27	45.29	41.15	2.63	15.64	0.83	0.028	8.08	2.39	0.30
244	149	0	90	38.25	144.07	121.66	63.90	60.27	13.02	44.50	39.30	2.42	16.24	0.83	0.026	7.69	2.26	0.29
254	149	0	90	32.95	140.47	118.92	62.47	58.46	12.62	43.63	38.38	2.52	15.22	0.83	0.026	8.31	2.30	0.28
254	159	0	90	40.48	145.66	123.85	63.60	59.18	12.78	44.38	42.11	2.65	15.89	0.83	0.028	8.27	2.49	0.30
254	169	0	90	36.08	152.51	129.87	62.82	59.73	12.93	44.89	47.88	2.44	19.66	0.84	0.029	9.58	2.79	0.29
254	179	0	90	39.72	149.47	127.21	65.54	60.77	13.12	45.36	43.34	2.61	16.59	0.83	0.029	9.38	2.85	0.30
254	189	0	90	39.94	147.96	125.42	65.95	61.51	13.27	45.67	40.78	2.71	15.05	0.83	0.029	8.98	2.95	0.33
254	199	0	90	39.73	146.49	124.01	66.00	61.49	13.21	46.03	38.97	2.86	13.64	0.83	0.028	8.93	3.04	0.34
254	209	0	90	34.22	147.69	124.30	63.66	61.28	13.12	46.40	40.01	2.60	15.40	0.83	0.027	10.84	3.22	0.30
254	219	0	90	37.90	149.63	126.66	65.71	61.40	13.10	46.82	41.41	2.70	15.36	0.83	0.028	9.89	3.28	0.33
254	229	0	90	36.92	149.12	126.32	66.43	61.80	13.13	47.53	39.79	2.53	15.74	0.83	0.028	9.89	3.25	0.33
254	239	0	90	35.53	148.22	124.33	65.54	62.73	13.29	48.10	37.38	2.71	13.78	0.83	0.026	10.42	3.21	0.31
254	249	0	90	32.83	148.56	124.48	66.44	63.45	13.41	48.75	36.35	2.58	14.11	0.83	0.026	10.53	3.17	0.30
254	259	0	90	37.26	150.48	126.66	68.80	64.31	13.56	49.65	36.53	2.89	12.63	0.82	0.028	9.67	3.11	0.32
254	269	0	90	38.61	153.96	129.47	69.66	65.60	13.82	50.28	38.08	2.93	12.97	0.83	0.028	8.74	3.17	0.36
254	279	0	90	40.12	155.41	130.94	71.19	66.53	14.01	50.71	38.18	3.00	12.71	0.82	0.029	9.24	3.30	0.36
254	289	0	90	38.85	156.63	131.53	71.35	67.20	14.14	51.09	38.33	3.13	12.23	0.83	0.029	9.05	3.31	0.37
254	299	0	90	39.38	157.91	133.21	72.14	66.99	14.10	51.00	39.92	3.02	13.20	0.83	0.030	9.95	3.38	0.34
254	309	0	90	43.94	156.79	132.32	71.26	66.15	13.94	50.75	39.89	3.08	12.93	0.83	0.030	8.94	3.36	0.38
254	319	0	90	39.43	153.73	129.16	68.19	64.87	13.71	49.93	38.92	2.97	13.11	0.83	0.028	9.84	3.39	0.34
254	329	0	90	37.75	149.89	126.17	67.54	63.53	13.47	49.05	37.32	2.95	12.65	0.83	0.028	10.76	3.28	0.31
254	339	0	90	38.19	145.32	122.18	66.77	62.31	13.24	48.30	34.71	2.61	13.32	0.82	0.026	8.71	3.00	0.34
254	349	0	90	42.29	145.63	122.83	65.83	61.40	13.07	47.89	36.34	2.83	12.85	0.82	0.028	10.33	3.07	0.30
254	359	0	90	37.09	146.10	123.43	65.17	60.53	12.93	47.64	37.93	2.72	13.95	0.83	0.027	9.50	3.21	0.34
254	369	0	90	34.77	147.61	124.53	64.47	60.56	12.96	47.93	39.12	2.56	15.31	0.83	0.027	8.72	3.13	0.36
254	379	0	90	39.43	151.00	128.44	66.27	61.19	13.13	48.27	41.54	2.86	14.53	0.83	0.029	9.33	3.16	0.34
254	389	0	90	39.13	150.07	127.21	66.27	61.49	13.23	48.26	40.32	2.92	13.81	0.83	0.029	8.34	3.00	0.36
254	399	0	90	34.85	148.18	125.31	65.91	61.60	13.26	47.95	38.62	2.55	15.16	0.83	0.027	9.12	2.89	0.32
254	409	0	90	34.96	148.11	125.27	65.85	61.66	13.27	47.98	38.47	2.81	13.71	0.83	0.028	8.13	2.81	0.35
254	419	0	90	40.84	151.19	128.85	67.39	61.45	13.21	47.68	42.06	2.83	14.86	0.83	0.029	8.80	2.83	0.32
254	429	0	90	34.96	150.49	127.21	64.48	61.21	13.18	47.45	41.83	2.48	16.86	0.83	0.028	8.56	2.76	0.32
264	429	0	90	35.47	142.35	120.17	63.41	59.73	12.82	46.14	36.49	2.61	13.99	0.83	0.026	9.00	2.76	0.31
264	419	0	90	38.53	143.19	120.90	64.33	60.10	12.91	46.35	36.74	2.64	13.90	0.83	0.027	9.48	2.83	0.30
264	409	0	90	31.74	143.44	120.50	63.77	60.53	13.01	46.67	36.24	2.46	14.71	0.83	0.025	9.04	2.91	0.32
264	399	0	90	36.70	145.19	122.64	64.74	60.64	13.00	46.89	37.66	2.83	13.30	0.83	0.027	8.84	2.99	0.34
264	389	0	90	38.80	149.31	126.66	65.12	60.59	12.99	46.96	41.75	2.73	15.31	0.83	0.028	10.51	3.20	0.30
264	379	0	90	38.48	147.45	125.03	64.68	60.13	12.88	46.86	40.47	2.79	14.51	0.83	0.028	9.80	3.10	0.32
264	369	0	90	31.57	143.57	120.86	63.36	59.78	12.78	46.58	37.21	2.58	14.41	0.83	0.026	9.77	3.00	0.31
264	359	0	90	37.58	143.32	120.94	64.03	59.83	12.76	46.64	36.85	2.53	14.56	0.83	0.027	9.95	2.98	0.30
264	349	0	90	35.79	143.28	120.53	63.80	60.43	12.86	46.81	36.04	2.74	13.14	0.83	0.027	9.18	2.92	0.32
264	339	0	90	35.09	144.33	121.11	65.36	61.61	13.08	47.45	35.27	2.71	13.01	0.83	0.025	8.97	2.89	0.32
264	329	0	90	34.85	144.98	121.48	66.01	62.59	13.24	48.02	34.37	2.61	13.17	0.82	0.026	9.58	2.95	0.31
264	319	0	90	40.87	147.37	123.90	68.53	63.83	13.46	48.87	34.67	2.69	12.89	0.82	0.027	9.50	2.98	0.31
264	309	0	90	41.20	150.74	126.92	70.05	64.85	13.63	49.43	36.46	3.20	11.41	0.82	0.028	9.67	3.15	0.33
264	299	0	90	40.72	152.22	128.35	70.99	65.38	13.74	49.65	37.19	2.92	12.74	0.82	0.029	9.41	3.18	0.34
264	289	0	90	43.77	154.43	130.39	71.19	65.63	13.79	49.64	39.16	3.10	12.62	0.83	0.029	9.92	3.35	0.34
264	279	0	90	43.92	153.41	129.48	69.84	65.02	13.67	49.23	39.16	3.05	12.84	0.83	0.029	9.99	3.38	0.34
264	269	0	90	39.82	149.60	126.02	68.42	63.51	13.34	48.61	37.47	2.88	12.99	0.83	0.027	9.79	3.15	0.32
264	259	0	90	35.69	145.74	122.48	66.36	62.19	13.07	47.91	35.65	2.63	13.56	0.83	0.026	9.05	3.02	0.33
264	249	0	90	41.43	146.04	123.28	66.10	61.85	13.03	47.35	36.84	2.91	12.67	0.82	0.028	9.82	3.25	0.33
264	239	0	90	38.78	146.05	123.34	64.71	61.13	12.92	46.84	38.08	2.72	14.01	0.83	0.028	10.76	3.30	0.31
264	229	0	90	34.68	145.55	122.50	63.48	60.43	12.81	46.16	38.96	2.51	15.52	0.83	0.026	10.33	3.27	0.32
264	219	0	90	39.08	145.61	123.36	64.13	59.74	12.71	45.52	40.35	2.61	15.45	0.83	0.028	11.70	3.27	0.28
264	209	0	90	35.85	146.09	124.13	64.69	59.52	12.70	45.09	41.48	2.50	16.56	0.83	0.029	10.99	3.32	0.30
264	199	0	90	35.10	145.45	123.11	62.89	59.57	12.76	44.86	41.02	2.55	16.09	0.83	0.028	10.06	3.21	0.32
264	189	0	90	36.30	146.08	123.72	64.16	60.12	12.92	44.73	41.22	2.49	16.53	0.83	0.028	10.88	3.11	0.29
264	179	0	90	38.93	146.30	124.51	63.90	59.50	12.83	44.40	42.40	2.63	16.12	0.83	0.028	11.31	2.96	0.26
264	169	0	90	38.61	146.74	125.04	63.56	59.07	12.73	44.17	43.51	2.61	16.64	0.83	0.029	8.75	2.73	0.31
264	159	0	90	37.07	141.64	120.01	62.66	58.52	12.62	43.61	39.51	2.40	16.47	0.83	0.026	8.58	2.44	0.28
264	149	0	90	37.33	139.75	118.57	62.48	57.92	12.45	43.20	38.63	2.48	15.58	0.83	0.026	8.18	2.34	0.29
274	149	0	90	36.08	142.48	120.63	62.42	58.72	12.61	43.20	40.55	2.36	17.20	0.83	0.027	8.75	2.41	0.28
274	159	0	90	31.79	141.39	119.49	62.03	58.60	12.59	43.41	39.38	2.33	16.89	0.84	0.026	8.81	2.47	0.28
274	169	0	90	36.25	144.47	122.56	62.64	58.95	12.68	43.76	41.75	2.41	17.29	0.84	0.027	10.27	2.78	0.27
274	179	0	90	36.69	145.55	123.59	63.15	59.17	12.72	43.97	42.41	2.38	17.84	0.83	0.028	10.60	2.98	0.28
274	189	0	90	36.97	144.91	122.65	62.99	59.22	12.69	44.13	41.56	2.51	16.58	0.84	0.027	11.79	3.14	0.27
274	199	0	90	36.16	144.91	122.68	62.53	59.26	12.67	44.31	41.34	2.40	17.21	0.83	0.028	10.84	3.30	0.30
274	209	0	90	38.09	143.51	121.66	63.72	59.17	12.63	44.60	39.74	2.70	14.71	0.83	0.028	12.27	3.38	0.28
274	219	0	90	34.76	142.20	120.08	62.75	59.17	12.57	44.82	38.21	2.45	15.58	0.83	0.027	11.49	3.38	0.29
274	229	0	90	40.46	142.38	120.58	64.27	59.53	12.58	45.21	37.64	2.62	14.37	0.83	0.028	12.19	3.48	0.29
274	239	0	90	40.56	143.64	121.31	64.39	60.10	12.67	45.75	37.79	2.71	13.93	0.83	0.028	9.99	3.42	0.34
274	249	0	90	39.98	146.90	123.79	64.73	61.08	12.85	46.55	39.27	2.73	14.37	0.83	0.028	10.92	3.59	0.33
274	259	0	90	42.04	146.93	124.17	67.07	61.89	12.98	47.20	37.84	2.82	13.41	0.83	0.028	10.34	3.41	0.33
274	269	0	90	37.10	150.46	126.78	66.50	62.88	13.18	47.95	39.63	2.78	14.28	0.83	0.029	10.13	3.52	0.35
274	279	0	90	39.05	151.84	127.73	67.73	64.28	13.46	48.59	38.97	2.90	13.46	0.83	0.029	9.77	3.54	0.36
274	289	0	90	38.62	150.99	126.79	68.96	65.05	13.63	48.84	37.10	2.79	13.32	0.83	0.028	9.37	3.33	0.36
274	299	0	90	38.72	149.65	125.38	67.84	64.79	13.57	48.79	36.07	2.82	12.77	0.82	0.028	9.68	3.22	0.33
274	309	0	90	38.92	148.00	124.51	69.35	64.25	13.47	48.67	35.07	2.93	11.98	0.82	0.028	9.42	3.13	0.33
274	319	0	90	38.16	145.99	122.49	68.01	63.30	13.30	48.12	34.56	2.79	12.41	0.82	0.026	10.64	3.03	0.28
274	329	0	90	34.92	142.09	118.73	64.18	61.83	13.03	47.37	32.89	2.74	11.99	0.82	0.025	9.88	2.85	0.29
274	339	0	90	35.05	141.54	118.61	64.12	60.76	12.86	46.65	34.13	2.65	12.89	0.83	0.025	10.04	2.89	0.29
274	349	0	90	40.59	142.88	120.77	64.95	60.08	12.74	46.24	36.55	2.88	12.68	0.83	0.027	9.34	3.00	0.32
274	359	0	90	35.87	142.28	120.00	62.99	59.45	12.65	45.93	36.91	2.51	14.72	0.83	0.026	9.79	2.93	0.30
274	369	0	90	39.54	143.08	121.35	64.50	59.65	12.73	46.01	37.42	2.78	13.48	0.83	0.028	8.78	3.03	0.35
274	379	0	90	35.90	144.42	122.00	63.59	59.91	12.80	46.09	38.42	2.70	14.22	0.83	0.027	9.07	3.15	0.35
274	389	0	90	39.50	146.61	124.55	64.99	60.14	12.87	46.31	40.16	2.78	14.45	0.83	0.028	10.18	3.22	0.32
274	399	0	90	37.45	146.92	124.05	64.84	60.93	13.04	46.42	39.58	2.50	15.83	0.83	0.027	11.87	3.13	0.26
274	409	0	90	34.65	144.99	122.43	65.19	61.17	13.09	46.26	37.56	2.60	14.44	0.83	0.027	10.77	3.08	0.29
274	419	0	90	36.65	142.95	120.49	64.35	60.40	12.92	45.86	36.68	2.62	14.00	0.83	0.026	11.33	3.13	0.28
274	429	0	90	42.18	141.57	119.42	64.06	59.95	12.82	45.44	36.18	2.71	13.36	0.83	0.027	9.69	3.08	0.32
284	429	0	90	33.98	145.14	122.13	65.88	61.97	13.25	45.69	37.49	2.58	14.54	0.83	0.028	11.43	3.49	0.31
284	419	0	90	37.62	145.22	122.12	65.71	62.12	13.28	46.02	37.08	2.52	14.73	0.83	0.027	11.48	3.22	0.28
284	409	0	90	35.84	147.67	124.61	65.93	61.97	13.25	46.06	39.64	2.41	16.46	0.83	0.027	11.03	3.24	0.29
284	399	0	90	38.39	148.82	126.11	65.68	61.40	13.12	46.11	41.31	2.62	15.79	0.83	0.029	10.70	3.34	0.31
284	389	0	90	33.22	145.93	122.73	63.43	60.85	13.01	45.82	39.26	2.37	16.59	0.83	0.026	12.36	3.30	0.27
284	379	0	90	36.02	144.47	122.09	64.90	60.58	12.91	45.95	37.94	2.91	13.03	0.83	0.028	10.60	3.32	0.31
284	369	0	90	37.52	142.51	120.07	63.78	60.02	12.78	45.81	36.68	2.57	14.25	0.83	0.027	10.99	3.20	0.29
284	359	0	90	36.34	141.84	119.66	63.75	59.81	12.70	45.69	36.34	2.43	14.97	0.83	0.026	10.05	3.05	0.30
284	349	0	90	36.68	141.25	119.21	65.09	60.15	12.73	45.80	35.30	2.56	13.79	0.83	0.026	9.24	2.97	0.32
284	339	0	90	37.79	140.29	117.82	64.81	60.79	12.84	46.13	33.38	2.65	12.57	0.82	0.025	9.52	2.93	0.31
284	329	0	90	38.51	144.06	121.18	66.13	61.73	12.99	46.89	35.43	2.80	12.65	0.82	0.027	10.67	3.10	0.29
284	319	0	90	42.86	150.13	126.94	69.08	63.30	13.27	47.73	39.10	2.86	13.69	0.83	0.029	9.35	3.37	0.36
284	309	0	90	39.62	152.03	128.04	69.03	64.61	13.53	48.18	39.24	2.90	13.54	0.83	0.028	10.76	3.47	0.32
284	299	0	90	41.56	153.58	129.43	69.44	65.03	13.60	48.37	40.17	2.68	14.99	0.83	0.029	11.26	3.68	0.33
284	289	0	90	43.08	154.31	130.26	69.38	65.00	13.59	48.54	40.77	2.98	13.68	0.83	0.030	11.18	3.79	0.34
284	279	0	90	37.16	153.02	128.97	69.09	64.66	13.51	48.28	40.08	2.66	15.09	0.83	0.029	11.58	3.83	0.33
284	269	0	90	38.11	153.80	129.70	67.74	63.84	13.37	47.74	42.22	2.60	16.21	0.83	0.029	13.07	4.08	0.31
284	259	0	90	40.81	151.52	127.94	65.43	62.13	13.01	46.93	42.46	2.69	15.80	0.84	0.029	12.75	4.10	0.32
284	249	0	90	35.80	148.03	125.22	64.72	60.60	12.71	46.03	41.41	2.36	17.58	0.84	0.028	11.98	3.96	0.33
284	239	0	90	39.87	145.23	123.00	65.20	60.24	12.67	45.50	39.49	2.85	13.87	0.83	0.029	11.30	3.66	0.32
284	229	0	90	40.24	141.97	120.10	64.91	59.70	12.61	44.83	37.44	2.67	14.02	0.83	0.027	11.70	3.49	0.30
284	219	0	90	35.99	143.77	121.27	62.60	59.17	12.52	44.50	40.10	2.34	17.17	0.84	0.027	12.33	3.71	0.30
284	209	0	90	38.67	145.78	123.82	64.05	59.42	12.62	44.38	41.98	2.90	14.49	0.83	0.029	11.74	3.78	0.32
284	199	0	90	39.16	145.53	123.36	64.42	59.89	12.78	44.33	41.31	2.38	17.39	0.83	0.028	12.28	3.30	0.27
284	189	0	90	37.79	145.48	123.88	64.41	59.30	12.67	44.04	42.14	2.46	17.11	0.83	0.029	10.63	3.09	0.29
284	179	0	90	36.59	145.05	123.13	63.15	59.30	12.71	43.78	41.98	2.43	17.29	0.84	0.028	10.89	2.93	0.27
284	169	0	90	35.57	144.28	122.41	62.73	59.09	12.65	43.61	41.58	2.52	16.53	0.83	0.028	10.11	2.83	0.28
284	159	0	90	37.46	142.64	121.10	63.12	58.85	12.62	43.29	40.50	2.34	17.34	0.83	0.027	9.17	2.53	0.28
284	149	0	90	33.82	145.24	123.02	62.14	59.40	12.75	43.27	42.58	2.05	20.73	0.84	0.027	8.56	2.48	0.29
294	149	0	90	35.94	146.46	124.49	65.95	60.65	13.01	43.85	41.95	2.60	16.12	0.83	0.028	8.51	2.52	0.30
294	159	0	90	36.39	143.92	121.70	64.23	60.32	12.92	43.74	39.85	2.29	17.39	0.83	0.026	8.29	2.55	0.31
294	169	0	90	34.65	143.70	121.37	63.22	59.83	12.81	43.76	40.10	2.37	16.95	0.83	0.027	10.31	2.81	0.27
294	179	0	90	38.25	143.53	121.60	64.22	59.92	12.82	43.87	39.75	2.43	16.33	0.83	0.028	9.42	2.89	0.31
294	189	0	90	39.84	144.22	121.96	64.49	60.41	12.91	44.02	39.79	2.54	15.65	0.83	0.027	8.98	2.94	0.33
294	199	0	90	37.87	147.63	125.30	65.08	60.50	12.88	44.34	42.79	2.34	18.29	0.84	0.029	13.18	3.54	0.27
294	209	0	90	35.92	147.77	125.54	65.16	60.21	12.76	44.53	43.02	2.67	16.11	0.83	0.030	13.47	3.90	0.29
294	219	0	90	36.56	146.32	124.18	64.86	60.10	12.71	44.58	41.64	2.49	16.72	0.83	0.029	14.07	3.89	0.28
294	229	0	90	36.47	146.13	123.36	63.80	60.26	12.72	44.69	41.18	2.46	16.75	0.84	0.028	13.28	3.92	0.29
294	239	0	90	38.47	146.67	123.78	64.43	60.89	12.78	45.11	40.67	2.74	14.83	0.83	0.029	13.36	4.03	0.30
294	249	0	90	37.06	151.41	128.16	65.53	61.75	12.94	45.80	43.85	2.56	17.10	0.84	0.030	15.04	4.44	0.29
294	259	0	90	41.00	154.98	131.45	68.92	63.67	13.29	46.82	44.48	2.82	15.79	0.84	0.031	13.38	4.54	0.34
294	269	0	90	41.01	154.20	129.94	69.74	65.48	13.67	47.70	41.01	2.80	14.63	0.83	0.030	13.29	4.23	0.32
294	279	0	90	43.79	156.60	131.88	70.45	66.28	13.84	48.32	42.00	3.03	13.88	0.83	0.031	12.56	4.27	0.34
294	289	0	90	40.89	155.56	130.97	70.21	65.88	13.75	48.43	41.24	2.79	14.79	0.83	0.030	11.50	4.17	0.36
294	299	0	90	44.03	160.34	135.78	70.14	65.58	13.70	48.40	46.36	2.83	16.37	0.84	0.031	12.91	4.32	0.33
294	309	0	90	38.33	157.24	132.55	68.60	65.24	13.65	48.10	43.90	2.67	16.44	0.83	0.030	12.53	3.89	0.31
294	319	0	90	40.54	154.15	130.45	69.41	64.45	13.51	47.42	42.28	2.68	15.77	0.83	0.029	11.33	3.65	0.32
294	329	0	90	37.54	147.67	124.08	65.98	62.79	13.19	46.76	38.11	2.65	14.39	0.83	0.027	10.89	3.42	0.31
294	339	0	90	35.55	142.57	119.76	65.25	61.58	12.97	46.05	34.94	2.66	13.13	0.83	0.026	10.40	3.19	0.31
294	349	0	90	31.93	142.10	119.01	64.06	61.04	12.90	45.73	35.34	2.31	15.33	0.83	0.025	10.74	3.01	0.28
294	359	0	90	37.42	143.17	120.40	64.40	60.84	12.87	45.63	36.69	2.44	15.05	0.83	0.026	10.43	3.22	0.31
294	369	0	90	39.63	146.22	123.70	66.46	61.40	13.03	45.93	38.89	2.76	14.08	0.83	0.029	11.18	3.48	0.31
294	379	0	90	41.87	147.49	124.39	66.39	62.41	13.26	46.10	38.97	2.60	15.00	0.83	0.028	10.70	3.57	0.33
294	389	0	90	41.49	150.14	127.30	67.47	62.72	13.38	46.15	41.28	2.89	14.28	0.83	0.030	10.84	3.51	0.32
294	399	0	90	38.65	149.52	126.48	66.82	62.46	13.32	46.05	41.02	2.57	15.95	0.83	0.029	10.40	3.38	0.33
294	409	0	90	38.37	149.29	126.23	67.92	63.06	13.44	46.13	40.10	2.62	15.28	0.83	0.028	9.97	3.35	0.34
294	419	0	90	35.38	150.75	127.18	67.69	63.74	13.63	46.06	40.95	2.62	15.61	0.83	0.029	12.69	3.57	0.28
294	429	0	90	40.44	149.57	126.51	68.65	63.71	13.61	45.83	40.03	2.79	14.36	0.83	0.029	11.20	3.75	0.33
