Cordonnées 				Energie	Flux de photons	Efficience YPF	UVA-BLEU :	BLEU élargi	BLEU strict	VERT	ROUGE CLAIR	ROUGE SOMBRE	RC/RS	PHI =	TETA =	ZETA =	RC	RS 
X	Y	Azimut	Elévation	300-1100 nm	400-700 nm	(yield photon flux)	350-500 nm	400-500 nm	445-455 nm	500-600 nm	600-700 nm	700-800 nm	600-700 /700-800 nm		(Sager et al. 1988)	655-665/725-735 nm	655-665 nm	725-735 nm
45	143	0	90	42.32	156.66	132.63	72.93	67.11	15.41	50.31	39.24	2.79	14.05	0.82	0.029	7.03	2.35	0.33
45	153	0	90	40.09	155.42	131.18	71.89	66.95	15.38	50.19	38.28	2.73	14.02	0.82	0.028	8.11	2.46	0.30
45	163	0	90	41.34	156.94	132.65	71.81	66.83	15.34	50.26	39.85	2.62	15.20	0.83	0.029	8.69	2.64	0.30
45	173	0	90	40.30	158.70	134.21	71.52	66.72	15.30	50.30	41.68	2.70	15.43	0.83	0.029	8.73	2.78	0.32
45	183	0	90	42.72	160.05	135.59	71.48	66.53	15.24	50.38	43.13	2.78	15.49	0.83	0.030	9.50	3.00	0.32
45	193	0	90	41.53	160.53	136.04	70.59	66.21	15.11	50.38	43.94	2.85	15.41	0.83	0.030	9.32	3.11	0.33
45	203	0	90	41.20	158.98	134.53	70.42	66.19	15.10	50.57	42.22	2.86	14.76	0.83	0.030	9.62	3.14	0.33
45	213	0	90	42.75	159.95	135.69	71.82	66.52	15.15	50.84	42.59	2.89	14.75	0.83	0.030	9.54	3.28	0.34
45	223	0	90	42.16	162.52	137.68	71.61	66.94	15.25	51.02	44.56	2.85	15.61	0.83	0.031	10.87	3.52	0.32
45	233	0	90	39.97	164.03	138.54	71.55	67.81	15.46	51.48	44.73	2.66	16.84	0.83	0.031	10.81	3.53	0.33
45	243	0	90	42.70	165.45	140.05	73.71	68.69	15.65	51.96	44.80	2.83	15.85	0.83	0.031	10.87	3.70	0.34
45	253	0	90	42.64	171.28	145.26	72.91	68.91	15.68	52.51	49.87	2.94	16.95	0.84	0.033	11.13	4.04	0.36
45	263	0	90	44.28	173.48	147.97	74.57	68.94	15.66	52.87	51.67	3.01	17.17	0.84	0.035	13.11	4.23	0.32
45	273	0	90	45.84	170.61	145.10	74.16	68.94	15.64	52.99	48.68	2.97	16.37	0.83	0.033	12.34	4.10	0.33
45	283	0	90	45.62	168.29	142.90	74.42	68.96	15.65	53.01	46.33	3.07	15.09	0.83	0.033	11.58	3.97	0.34
45	293	0	90	42.02	167.91	142.27	73.85	69.05	15.70	52.93	45.94	2.84	16.18	0.83	0.032	11.28	3.92	0.35
45	303	0	90	45.42	166.28	140.92	74.04	68.86	15.64	52.94	44.48	3.10	14.34	0.83	0.032	11.05	3.93	0.36
45	313	0	90	44.53	165.35	140.02	73.06	68.29	15.52	52.94	44.13	3.09	14.27	0.83	0.032	10.98	3.88	0.35
45	323	0	90	43.34	166.83	141.28	72.26	67.96	15.45	53.06	45.81	2.98	15.39	0.83	0.032	10.17	3.89	0.38
45	333	0	90	43.37	166.16	140.66	71.80	67.53	15.36	53.10	45.53	2.91	15.67	0.83	0.032	10.78	3.75	0.35
45	343	0	90	41.16	165.27	140.09	71.85	67.21	15.31	53.09	44.97	2.96	15.20	0.83	0.031	10.79	3.70	0.34
45	353	0	90	46.52	165.49	140.73	72.31	66.81	15.23	52.96	45.72	3.07	14.87	0.83	0.032	10.35	3.79	0.37
45	363	0	90	43.25	164.75	139.87	71.40	66.66	15.25	52.79	45.30	3.11	14.56	0.83	0.031	10.07	3.65	0.36
45	373	0	90	41.90	163.35	138.13	69.89	66.27	15.17	52.60	44.47	2.97	14.97	0.83	0.030	9.76	3.43	0.35
45	383	0	90	39.69	162.14	137.24	69.94	65.92	15.08	52.44	43.79	2.86	15.31	0.83	0.030	9.23	3.16	0.34
45	393	0	90	40.85	161.53	137.07	70.20	65.45	14.96	52.24	43.83	2.93	14.94	0.83	0.030	8.65	3.02	0.35
45	403	0	90	42.49	161.81	137.95	70.33	64.87	14.82	51.90	45.04	2.98	15.11	0.83	0.031	8.30	2.99	0.36
45	413	0	90	39.19	160.03	136.06	68.90	64.17	14.64	51.47	44.40	2.99	14.87	0.83	0.030	8.44	2.88	0.34
45	423	0	90	44.00	158.20	134.63	68.36	63.58	14.48	51.10	43.53	3.05	14.27	0.83	0.030	7.36	2.65	0.36
55	423	0	90	40.96	158.34	134.30	67.71	63.71	14.50	51.48	43.14	2.94	14.67	0.83	0.029	7.87	2.66	0.34
55	413	0	90	43.05	159.81	135.95	68.72	64.04	14.58	51.72	44.05	3.03	14.55	0.83	0.030	8.69	2.92	0.34
55	403	0	90	37.14	161.26	137.07	68.96	64.67	14.72	52.04	44.55	3.00	14.84	0.83	0.030	8.30	3.00	0.36
55	393	0	90	43.09	162.61	137.93	69.00	65.35	14.89	52.44	44.82	2.93	15.29	0.83	0.030	8.88	3.06	0.35
55	383	0	90	45.10	162.23	137.71	70.90	65.85	14.99	52.66	43.72	3.09	14.17	0.83	0.030	8.95	3.19	0.36
55	373	0	90	43.16	163.37	138.90	71.83	66.40	15.09	52.81	44.16	3.17	13.95	0.83	0.031	8.88	3.39	0.38
55	363	0	90	41.87	165.18	140.22	71.43	66.74	15.15	52.93	45.50	3.02	15.09	0.83	0.031	9.56	3.65	0.38
55	353	0	90	42.86	165.92	141.12	72.39	66.86	15.14	52.97	46.08	2.96	15.59	0.83	0.032	10.25	3.77	0.37
55	343	0	90	43.89	165.37	140.65	73.01	67.11	15.17	52.98	45.28	3.07	14.73	0.83	0.032	10.48	3.73	0.36
55	333	0	90	40.87	164.97	139.54	70.99	67.02	15.12	52.86	45.09	2.98	15.14	0.83	0.031	10.26	3.76	0.37
55	323	0	90	42.65	166.22	141.10	72.51	67.35	15.16	52.80	46.07	3.11	14.80	0.83	0.033	10.30	3.97	0.39
55	313	0	90	41.96	164.99	139.32	71.76	67.70	15.22	52.64	44.66	2.86	15.59	0.83	0.031	12.21	4.01	0.33
55	303	0	90	44.32	166.18	140.85	73.79	68.41	15.34	52.77	45.00	3.03	14.83	0.83	0.032	11.35	3.96	0.35
55	293	0	90	43.10	166.98	141.33	73.26	68.76	15.42	52.73	45.50	2.95	15.43	0.83	0.032	11.60	3.92	0.34
55	283	0	90	43.32	167.10	141.31	73.34	68.83	15.42	52.74	45.54	2.99	15.24	0.83	0.032	11.48	3.92	0.34
55	273	0	90	42.37	169.04	143.33	73.56	68.70	15.38	52.67	47.67	2.95	16.17	0.83	0.032	11.68	4.03	0.34
55	263	0	90	44.36	169.32	143.63	73.24	68.59	15.35	52.52	48.21	2.97	16.22	0.84	0.032	11.66	4.00	0.34
55	253	0	90	45.57	167.05	141.83	73.87	68.38	15.31	52.10	46.57	2.88	16.16	0.83	0.033	11.27	3.84	0.34
55	243	0	90	41.26	162.88	137.73	72.79	67.93	15.21	51.58	43.37	2.74	15.85	0.83	0.031	11.10	3.66	0.33
55	233	0	90	42.48	163.95	139.15	72.47	67.28	15.06	51.11	45.56	2.87	15.88	0.83	0.032	10.60	3.72	0.35
55	223	0	90	41.22	162.70	138.05	71.86	66.68	14.93	50.61	45.41	2.79	16.30	0.83	0.031	11.19	3.56	0.32
55	213	0	90	45.15	161.09	136.68	71.47	66.34	14.84	50.38	44.37	2.88	15.42	0.83	0.031	10.24	3.34	0.33
55	203	0	90	39.13	159.36	134.98	70.21	65.85	14.75	49.98	43.52	2.78	15.67	0.83	0.030	11.13	3.24	0.29
55	193	0	90	40.31	160.66	136.21	70.20	65.86	14.76	49.75	45.05	2.79	16.14	0.83	0.030	10.35	3.25	0.31
55	183	0	90	41.85	159.03	134.59	70.57	66.08	14.81	49.73	43.21	2.70	15.98	0.83	0.030	9.82	3.03	0.31
55	173	0	90	47.44	157.31	133.60	72.01	66.06	14.81	49.61	41.64	2.91	14.30	0.83	0.030	8.69	2.85	0.33
55	163	0	90	38.78	155.90	131.33	69.68	66.05	14.84	49.28	40.56	2.71	14.95	0.83	0.028	8.99	2.67	0.30
55	153	0	90	42.02	154.07	129.94	71.06	66.44	14.91	49.38	38.25	2.80	13.66	0.82	0.028	7.88	2.47	0.31
55	143	0	90	38.99	154.66	130.37	71.06	66.74	14.97	49.41	38.52	2.73	14.10	0.83	0.027	7.54	2.36	0.31
65	143	0	90	44.73	156.02	131.79	72.57	67.19	15.07	49.78	39.05	2.83	13.80	0.83	0.028	6.99	2.46	0.35
65	153	0	90	37.29	155.63	130.76	70.57	66.94	15.02	49.69	39.01	2.66	14.67	0.83	0.027	8.31	2.53	0.30
65	163	0	90	42.37	158.40	134.18	71.61	66.62	14.95	49.78	41.99	2.84	14.79	0.83	0.029	8.04	2.74	0.34
65	173	0	90	37.30	159.16	134.73	70.67	66.21	14.84	49.75	43.21	2.63	16.45	0.83	0.029	9.46	2.88	0.30
65	183	0	90	43.18	160.75	136.13	70.35	66.21	14.81	49.97	44.57	2.78	16.01	0.83	0.030	9.57	3.09	0.32
65	193	0	90	41.06	162.11	137.81	71.52	66.38	14.81	50.06	45.66	2.94	15.53	0.83	0.031	8.98	3.16	0.35
65	203	0	90	39.81	160.82	136.48	71.37	66.17	14.77	50.20	44.45	2.74	16.21	0.83	0.031	10.29	3.25	0.32
65	213	0	90	40.99	161.69	136.98	70.85	66.45	14.81	50.46	44.78	2.76	16.21	0.83	0.031	10.21	3.32	0.32
65	223	0	90	44.80	163.04	137.82	70.82	67.01	14.92	50.78	45.24	2.82	16.06	0.83	0.031	10.96	3.52	0.32
65	233	0	90	42.47	163.20	137.93	71.48	67.35	14.99	51.11	44.73	2.81	15.94	0.83	0.031	10.88	3.69	0.34
65	243	0	90	44.18	162.59	137.49	72.56	67.73	15.04	51.64	43.21	3.07	14.10	0.83	0.031	10.48	3.72	0.35
65	253	0	90	42.80	165.09	140.06	73.49	67.96	15.08	52.05	45.07	2.96	15.22	0.83	0.032	11.31	3.82	0.34
65	263	0	90	43.82	167.62	142.48	73.54	68.14	15.10	52.35	47.13	3.04	15.52	0.83	0.033	10.99	3.92	0.36
65	273	0	90	43.85	167.27	141.96	73.66	68.29	15.15	52.33	46.64	3.00	15.56	0.83	0.033	11.45	3.84	0.34
65	283	0	90	40.07	164.14	138.43	72.00	68.19	15.11	52.14	43.81	2.90	15.09	0.83	0.031	10.95	3.72	0.34
65	293	0	90	41.41	163.78	138.18	71.98	67.91	15.05	52.32	43.55	2.82	15.45	0.83	0.031	11.64	3.83	0.33
65	303	0	90	42.68	164.92	139.49	72.21	67.74	15.02	52.30	44.89	3.06	14.66	0.83	0.031	11.38	4.01	0.35
65	313	0	90	44.43	164.97	140.18	72.47	66.98	14.85	52.16	45.82	3.10	14.80	0.83	0.032	11.53	4.08	0.35
65	323	0	90	42.29	164.14	138.94	70.64	66.53	14.78	52.04	45.56	2.98	15.28	0.83	0.032	11.35	4.01	0.35
65	333	0	90	44.32	162.38	137.47	70.74	66.20	14.72	52.04	44.14	2.97	14.88	0.83	0.031	10.62	3.75	0.35
65	343	0	90	39.68	162.32	137.08	69.10	66.04	14.72	52.01	44.27	2.87	15.42	0.83	0.030	11.17	3.64	0.33
65	353	0	90	42.56	161.94	136.92	70.12	66.14	14.77	52.06	43.74	3.07	14.26	0.83	0.031	10.75	3.65	0.34
65	363	0	90	43.30	161.65	136.99	70.32	65.67	14.68	51.98	43.99	3.02	14.57	0.83	0.031	10.32	3.54	0.34
65	373	0	90	43.57	161.65	137.09	69.76	65.55	14.66	51.82	44.29	2.98	14.84	0.83	0.031	9.58	3.38	0.35
65	383	0	90	43.71	161.23	137.01	69.94	65.14	14.58	51.56	44.53	3.02	14.77	0.83	0.031	9.03	3.19	0.35
65	393	0	90	42.89	162.92	138.93	69.83	64.69	14.48	51.38	46.85	3.16	14.84	0.83	0.032	9.08	3.21	0.35
65	403	0	90	42.69	159.78	135.89	68.59	63.90	14.29	51.06	44.82	2.98	15.04	0.83	0.031	8.92	3.08	0.34
65	413	0	90	39.26	158.82	134.89	67.49	63.36	14.15	50.67	44.79	2.93	15.29	0.83	0.030	9.11	2.95	0.32
65	423	0	90	40.70	157.41	133.65	67.34	63.15	14.10	50.56	43.69	2.93	14.91	0.83	0.029	7.86	2.71	0.34
75	423	0	90	40.05	157.56	133.97	68.33	63.42	14.16	50.62	43.52	3.00	14.52	0.83	0.029	7.61	2.72	0.36
75	413	0	90	40.45	159.95	136.21	68.03	63.53	14.18	50.84	45.59	3.02	15.08	0.83	0.031	8.15	2.93	0.36
75	403	0	90	41.79	160.27	136.41	68.56	63.89	14.28	50.86	45.52	3.03	15.04	0.83	0.031	8.61	3.02	0.35
75	393	0	90	38.67	160.69	136.32	68.24	64.39	14.40	51.13	45.16	2.90	15.56	0.83	0.030	9.22	3.12	0.34
75	383	0	90	41.26	160.82	136.25	68.57	64.73	14.45	51.34	44.75	2.99	14.99	0.83	0.030	9.38	3.19	0.34
75	373	0	90	41.83	160.76	136.27	69.50	65.12	14.52	51.53	44.12	3.03	14.54	0.83	0.030	9.37	3.30	0.35
75	363	0	90	42.18	159.89	135.22	69.81	65.37	14.56	51.78	42.74	2.95	14.48	0.83	0.030	9.67	3.40	0.35
75	353	0	90	44.99	159.16	134.84	70.12	65.49	14.54	51.82	41.85	3.16	13.22	0.83	0.031	10.01	3.49	0.35
75	343	0	90	39.95	160.49	135.85	69.45	65.44	14.49	51.77	43.28	2.98	14.54	0.83	0.030	10.01	3.62	0.36
75	333	0	90	40.56	160.46	135.59	69.06	65.56	14.49	51.78	43.11	2.96	14.57	0.83	0.030	10.14	3.73	0.37
75	323	0	90	43.51	161.85	137.14	70.98	66.17	14.60	51.84	43.83	3.13	14.01	0.83	0.031	11.02	3.97	0.36
75	313	0	90	43.91	164.01	139.30	72.46	66.71	14.69	51.92	45.38	3.03	14.96	0.83	0.032	11.16	4.11	0.37
75	303	0	90	43.97	163.81	138.62	71.47	66.89	14.70	51.96	44.96	3.05	14.75	0.83	0.031	11.78	4.02	0.34
75	293	0	90	40.49	162.22	137.18	71.83	67.11	14.73	51.93	43.18	3.05	14.16	0.83	0.031	10.26	3.78	0.37
75	283	0	90	39.50	162.50	136.94	70.72	67.32	14.77	51.80	43.39	2.90	14.97	0.83	0.030	11.08	3.76	0.34
75	273	0	90	44.70	165.53	140.13	72.13	67.64	14.84	51.92	45.97	3.00	15.31	0.83	0.032	10.47	3.84	0.37
75	263	0	90	44.89	166.22	141.12	73.09	67.67	14.83	51.82	46.74	2.98	15.67	0.83	0.032	11.74	3.95	0.34
75	253	0	90	41.69	165.30	140.37	72.90	67.60	14.83	51.60	46.10	3.05	15.14	0.83	0.032	11.98	3.96	0.33
75	243	0	90	42.89	162.91	137.71	71.50	67.49	14.83	51.27	44.15	3.00	14.70	0.83	0.031	10.74	3.81	0.35
75	233	0	90	40.34	162.21	137.18	72.07	67.25	14.77	50.86	44.10	2.70	16.36	0.83	0.031	11.58	3.69	0.32
75	223	0	90	41.76	163.64	138.41	70.55	67.03	14.75	50.47	46.14	2.83	16.32	0.83	0.031	11.19	3.61	0.32
75	213	0	90	43.58	162.40	137.69	70.70	66.27	14.59	50.05	46.08	2.85	16.16	0.83	0.031	10.74	3.52	0.33
75	203	0	90	41.16	160.87	136.46	70.59	65.89	14.52	49.59	45.40	2.84	15.99	0.83	0.031	10.74	3.40	0.32
75	193	0	90	40.26	159.49	134.91	69.38	65.77	14.50	49.41	44.30	2.73	16.22	0.83	0.030	10.63	3.22	0.30
75	183	0	90	42.68	159.29	134.71	70.18	65.88	14.55	49.20	44.21	2.69	16.41	0.83	0.029	9.82	3.08	0.31
75	173	0	90	42.38	159.17	134.94	70.50	65.96	14.57	49.10	44.12	2.87	15.39	0.83	0.030	8.48	3.00	0.35
75	163	0	90	39.48	157.48	133.34	70.83	66.04	14.60	48.87	42.57	2.75	15.47	0.83	0.029	8.72	2.83	0.32
75	153	0	90	39.92	155.36	131.12	70.75	66.24	14.66	48.86	40.27	2.72	14.80	0.83	0.028	8.25	2.68	0.33
75	143	0	90	42.85	155.59	131.64	71.54	66.47	14.69	48.97	40.14	2.89	13.87	0.83	0.029	8.21	2.60	0.32
85	143	0	90	40.86	155.85	131.45	70.05	66.08	14.60	48.92	40.86	2.61	15.64	0.83	0.028	8.98	2.62	0.29
85	153	0	90	40.07	156.34	132.18	70.84	66.18	14.64	48.86	41.30	2.68	15.42	0.83	0.029	8.41	2.71	0.32
85	163	0	90	43.20	158.92	135.16	72.15	66.18	14.62	48.95	43.79	2.96	14.80	0.83	0.031	8.49	2.93	0.35
85	173	0	90	42.11	159.11	134.77	69.99	65.82	14.53	48.99	44.30	2.88	15.40	0.83	0.031	9.38	3.03	0.32
85	183	0	90	39.31	158.19	133.92	69.81	65.51	14.44	48.99	43.69	2.66	16.44	0.83	0.030	9.73	3.11	0.32
85	193	0	90	41.16	158.73	134.31	69.70	65.39	14.39	49.25	44.08	2.63	16.76	0.84	0.029	11.13	3.32	0.30
85	203	0	90	43.20	160.50	136.05	69.97	65.73	14.43	49.59	45.18	2.94	15.39	0.83	0.031	10.03	3.47	0.35
85	213	0	90	37.62	162.14	137.26	70.59	66.42	14.57	50.09	45.62	2.74	16.65	0.83	0.031	11.43	3.61	0.32
85	223	0	90	43.33	163.52	138.99	72.71	66.97	14.66	50.54	46.00	2.95	15.58	0.83	0.032	11.53	3.69	0.32
85	233	0	90	40.45	163.03	137.78	71.08	67.19	14.69	50.81	45.02	2.87	15.67	0.83	0.031	11.66	3.75	0.32
85	243	0	90	44.29	164.38	139.30	72.24	67.41	14.72	51.13	45.84	2.93	15.65	0.83	0.032	11.23	3.88	0.35
85	253	0	90	45.21	164.88	139.93	72.67	67.40	14.70	51.35	46.13	3.00	15.38	0.83	0.033	10.91	3.96	0.36
85	263	0	90	42.84	164.66	139.58	71.90	67.20	14.65	51.37	46.08	2.91	15.85	0.83	0.032	11.73	3.97	0.34
85	273	0	90	45.19	163.21	138.50	72.80	67.10	14.61	51.53	44.57	3.03	14.71	0.83	0.032	11.24	3.90	0.35
85	283	0	90	38.36	161.98	136.70	71.06	66.88	14.58	51.44	43.66	2.91	14.99	0.83	0.030	11.75	3.92	0.33
85	293	0	90	45.93	162.83	138.16	72.51	66.88	14.57	51.60	44.35	3.18	13.94	0.83	0.032	12.07	4.03	0.33
85	303	0	90	43.89	163.74	138.90	71.66	66.55	14.50	51.51	45.69	3.01	15.19	0.83	0.032	10.80	4.06	0.38
85	313	0	90	39.75	162.14	137.31	70.41	65.98	14.40	51.39	44.77	3.02	14.80	0.83	0.031	10.70	4.01	0.37
85	323	0	90	39.63	159.48	134.94	69.46	65.28	14.26	51.31	42.89	2.91	14.73	0.83	0.031	11.01	3.82	0.35
85	333	0	90	43.19	159.66	135.34	69.52	64.92	14.21	51.27	43.46	3.03	14.37	0.83	0.031	10.65	3.82	0.36
85	343	0	90	43.37	159.89	135.37	68.61	64.77	14.19	51.14	43.98	2.99	14.70	0.83	0.031	11.10	3.81	0.34
85	353	0	90	40.60	159.69	135.26	69.10	64.78	14.24	51.21	43.70	3.08	14.18	0.83	0.030	9.28	3.64	0.39
85	363	0	90	39.04	160.18	135.63	68.56	64.66	14.23	51.07	44.44	2.98	14.91	0.83	0.030	10.43	3.57	0.34
85	373	0	90	39.73	159.31	134.89	68.29	64.39	14.21	50.85	44.08	2.91	15.14	0.83	0.030	9.97	3.37	0.34
85	383	0	90	39.56	159.12	134.84	67.92	64.22	14.18	50.56	44.34	2.93	15.12	0.83	0.030	9.78	3.18	0.32
85	393	0	90	40.81	158.89	134.91	67.38	63.59	14.04	50.29	45.01	3.01	14.96	0.83	0.030	8.71	3.09	0.35
85	403	0	90	41.41	159.41	135.81	67.79	63.17	13.92	50.07	46.17	3.12	14.77	0.83	0.031	8.52	3.04	0.36
85	413	0	90	40.51	158.18	134.74	67.76	62.90	13.86	49.80	45.49	2.99	15.20	0.83	0.030	8.43	2.95	0.35
85	423	0	90	37.67	156.68	132.93	67.42	63.17	13.92	49.70	43.80	2.82	15.56	0.83	0.029	8.40	2.76	0.33
95	423	0	90	42.18	156.84	133.39	67.25	62.70	13.80	49.70	44.44	2.81	15.84	0.83	0.029	8.68	2.79	0.32
95	413	0	90	41.31	159.52	136.08	67.38	62.76	13.82	49.82	46.94	3.08	15.24	0.83	0.031	8.49	2.92	0.34
95	403	0	90	41.92	160.78	137.32	68.11	62.99	13.87	50.00	47.80	3.11	15.39	0.83	0.032	8.39	3.10	0.37
95	393	0	90	41.26	160.40	136.43	67.28	63.41	13.97	50.15	46.84	3.00	15.64	0.83	0.031	9.24	3.15	0.34
95	383	0	90	40.67	159.56	135.33	67.43	63.74	14.05	50.37	45.46	2.85	15.95	0.83	0.030	9.96	3.23	0.32
95	373	0	90	40.26	159.40	135.12	68.06	64.09	14.12	50.54	44.77	2.98	15.00	0.83	0.030	9.81	3.44	0.35
95	363	0	90	40.15	158.54	134.32	67.97	64.14	14.08	50.66	43.74	3.04	14.38	0.83	0.030	10.22	3.58	0.35
95	353	0	90	39.70	158.73	134.19	67.88	64.54	14.15	50.74	43.46	2.89	15.02	0.83	0.030	10.51	3.65	0.35
95	343	0	90	41.90	158.47	134.23	68.98	64.67	14.13	50.78	43.02	2.94	14.65	0.83	0.031	11.64	3.76	0.32
95	333	0	90	40.08	158.46	134.43	69.96	64.65	14.10	50.90	42.91	3.00	14.29	0.83	0.031	10.97	3.78	0.34
95	323	0	90	44.04	160.22	135.96	69.61	64.79	14.09	51.03	44.40	3.02	14.69	0.83	0.032	11.18	3.91	0.35
95	313	0	90	40.39	161.31	136.46	69.30	65.42	14.23	51.08	44.81	2.91	15.42	0.83	0.031	11.44	3.93	0.34
95	303	0	90	42.11	162.34	137.65	70.87	66.11	14.37	51.12	45.11	3.11	14.53	0.83	0.032	11.81	4.04	0.34
95	293	0	90	43.97	162.16	137.29	71.12	66.51	14.44	51.04	44.61	2.97	15.02	0.83	0.031	11.37	4.07	0.36
95	283	0	90	43.03	161.73	136.76	71.29	66.68	14.45	50.91	44.14	3.11	14.18	0.83	0.031	11.56	4.07	0.35
95	273	0	90	42.42	161.36	136.51	71.16	66.65	14.44	50.74	43.97	2.97	14.83	0.83	0.031	10.85	4.05	0.37
95	263	0	90	41.61	164.61	139.46	71.35	66.78	14.48	50.75	47.08	2.76	17.03	0.84	0.032	12.87	4.18	0.32
95	253	0	90	46.15	165.03	140.17	71.96	66.84	14.50	50.65	47.54	3.11	15.30	0.83	0.033	11.64	4.15	0.36
95	243	0	90	43.64	163.11	138.24	71.74	66.73	14.47	50.33	46.06	2.92	15.78	0.83	0.032	11.21	3.91	0.35
95	233	0	90	44.07	161.25	136.75	71.30	66.22	14.36	50.00	45.04	2.98	15.12	0.83	0.032	10.71	3.79	0.35
95	223	0	90	40.96	160.69	136.09	70.27	65.82	14.29	49.71	45.16	2.83	15.96	0.83	0.031	11.04	3.69	0.33
95	213	0	90	42.73	159.13	134.67	70.07	65.60	14.28	49.28	44.24	2.81	15.77	0.83	0.030	10.25	3.57	0.35
95	203	0	90	38.64	159.12	135.25	70.64	65.00	14.15	48.86	45.25	2.84	15.95	0.83	0.031	10.81	3.50	0.32
95	193	0	90	37.36	157.90	133.42	68.42	64.82	14.14	48.52	44.55	2.63	16.92	0.84	0.029	11.65	3.37	0.29
95	183	0	90	41.78	157.12	133.28	70.20	65.22	14.26	48.38	43.52	2.76	15.78	0.83	0.030	9.49	3.15	0.33
95	173	0	90	43.55	156.37	132.51	70.78	65.56	14.34	48.39	42.43	2.84	14.95	0.83	0.030	9.18	3.02	0.33
95	163	0	90	40.73	156.47	132.66	70.57	65.59	14.33	48.23	42.66	2.85	14.96	0.83	0.030	8.17	2.90	0.35
95	153	0	90	41.05	155.57	131.52	69.78	65.28	14.27	48.13	42.16	2.65	15.91	0.83	0.029	9.75	2.79	0.29
95	143	0	90	37.28	155.59	131.45	69.40	65.25	14.25	48.21	42.13	2.67	15.76	0.83	0.029	9.08	2.67	0.29
105	143	0	90	38.94	156.62	132.28	69.67	65.87	14.39	48.17	42.58	2.55	16.67	0.83	0.029	8.72	2.72	0.31
105	153	0	90	43.83	155.42	131.73	71.05	65.63	14.35	48.16	41.63	2.73	15.25	0.83	0.030	9.66	2.78	0.29
105	163	0	90	38.35	155.18	130.76	69.02	65.60	14.36	48.11	41.47	2.61	15.88	0.83	0.029	9.13	2.83	0.31
105	173	0	90	40.78	154.17	130.33	70.38	65.43	14.30	48.10	40.64	2.70	15.08	0.83	0.029	9.20	2.93	0.32
105	183	0	90	41.95	155.25	131.34	70.01	65.17	14.23	48.21	41.88	2.66	15.73	0.83	0.029	9.46	3.07	0.32
105	193	0	90	38.48	156.55	132.76	70.74	65.28	14.22	48.36	42.92	2.72	15.81	0.83	0.030	10.47	3.32	0.32
105	203	0	90	41.68	157.89	133.54	69.25	65.31	14.21	48.60	43.98	2.76	15.92	0.83	0.030	10.38	3.51	0.34
105	213	0	90	42.22	157.80	133.43	69.60	65.48	14.21	48.94	43.38	2.86	15.15	0.83	0.031	11.11	3.55	0.32
105	223	0	90	43.38	158.50	134.51	70.75	65.45	14.17	49.29	43.76	2.93	14.95	0.83	0.031	10.96	3.65	0.33
105	233	0	90	40.14	158.57	134.19	70.17	65.53	14.16	49.57	43.47	2.82	15.42	0.83	0.031	10.94	3.74	0.34
105	243	0	90	40.72	162.10	137.17	69.93	66.23	14.31	49.93	45.94	2.84	16.19	0.83	0.031	12.22	4.00	0.33
105	253	0	90	43.50	163.64	138.61	71.23	66.67	14.40	50.28	46.69	2.89	16.14	0.83	0.032	12.15	4.15	0.34
105	263	0	90	42.25	162.17	137.03	70.71	66.69	14.41	50.33	45.16	2.94	15.36	0.83	0.032	12.11	4.18	0.35
105	273	0	90	40.74	159.91	135.09	70.84	66.65	14.39	50.36	42.91	2.91	14.76	0.83	0.031	13.00	4.09	0.31
105	283	0	90	39.38	158.63	133.73	70.41	66.44	14.35	50.33	41.85	2.85	14.67	0.83	0.030	13.01	3.91	0.30
105	293	0	90	43.07	158.44	133.78	70.60	66.18	14.30	50.46	41.80	2.99	13.96	0.83	0.031	11.10	3.86	0.35
105	303	0	90	43.28	158.96	134.64	70.37	65.50	14.15	50.51	42.95	2.91	14.77	0.83	0.031	11.89	3.90	0.33
105	313	0	90	40.40	158.79	134.18	68.54	64.71	13.98	50.51	43.56	2.88	15.15	0.83	0.030	11.49	3.89	0.34
105	323	0	90	39.95	158.28	133.81	68.20	64.48	13.96	50.45	43.35	2.91	14.87	0.83	0.030	10.90	3.84	0.35
105	333	0	90	40.38	157.66	133.52	68.77	64.26	13.95	50.24	43.16	3.04	14.21	0.83	0.030	10.95	3.80	0.35
105	343	0	90	40.01	158.01	133.91	68.64	64.32	13.97	50.19	43.50	3.05	14.28	0.83	0.031	10.80	3.79	0.35
105	353	0	90	41.53	157.34	133.42	68.39	64.01	13.92	50.11	43.22	2.96	14.59	0.83	0.030	10.48	3.68	0.35
105	363	0	90	41.09	157.67	134.08	69.26	63.85	13.91	50.07	43.76	3.05	14.34	0.83	0.031	10.86	3.61	0.33
105	373	0	90	40.26	157.51	133.52	67.26	63.43	13.85	49.76	44.32	3.02	14.67	0.83	0.030	9.78	3.44	0.35
105	383	0	90	42.14	158.01	134.75	68.38	63.10	13.79	49.63	45.28	2.95	15.36	0.83	0.031	9.61	3.30	0.34
105	393	0	90	42.93	159.42	135.95	68.08	63.13	13.79	49.55	46.74	3.09	15.13	0.83	0.031	9.76	3.17	0.32
105	403	0	90	41.79	159.31	135.98	67.68	62.84	13.73	49.39	47.09	3.01	15.63	0.83	0.032	9.03	3.08	0.34
105	413	0	90	44.71	158.18	134.99	67.51	62.52	13.62	49.24	46.43	2.92	15.91	0.83	0.031	9.01	2.95	0.33
105	423	0	90	41.53	156.20	133.17	67.16	62.10	13.53	48.85	45.26	2.91	15.54	0.83	0.030	8.51	2.88	0.34
115	423	0	90	40.72	157.14	133.76	66.75	62.46	13.63	48.79	45.89	2.95	15.55	0.83	0.031	8.25	2.83	0.34
115	413	0	90	42.84	158.25	135.01	68.88	63.34	13.80	49.31	45.60	3.13	14.57	0.83	0.031	8.38	2.87	0.34
115	403	0	90	39.24	158.64	134.64	67.32	63.61	13.89	49.32	45.71	2.83	16.16	0.84	0.030	9.17	3.00	0.33
115	393	0	90	39.08	158.15	134.25	67.53	63.33	13.83	49.34	45.48	2.85	15.97	0.84	0.030	8.87	3.13	0.35
115	383	0	90	41.62	156.63	133.13	67.99	63.30	13.81	49.43	43.90	3.01	14.57	0.83	0.030	9.40	3.22	0.34
115	373	0	90	39.17	155.90	131.98	67.16	63.30	13.80	49.49	43.11	2.91	14.82	0.83	0.030	9.59	3.35	0.35
115	363	0	90	41.43	156.02	132.28	67.90	63.69	13.87	49.72	42.61	2.97	14.37	0.83	0.030	9.99	3.49	0.35
115	353	0	90	39.84	156.97	132.80	67.76	64.03	13.92	49.81	43.13	2.82	15.29	0.83	0.030	10.97	3.66	0.33
115	343	0	90	41.37	158.09	133.90	68.42	64.27	13.94	49.94	43.88	2.74	16.03	0.83	0.030	11.54	3.81	0.33
115	333	0	90	41.07	158.13	133.85	68.59	64.43	13.94	49.99	43.71	3.01	14.54	0.83	0.031	10.95	3.89	0.35
115	323	0	90	39.32	156.80	132.41	68.49	64.48	13.93	49.98	42.34	2.73	15.52	0.83	0.030	11.16	3.80	0.34
115	313	0	90	38.34	156.42	132.16	69.43	64.80	13.97	50.03	41.58	2.98	13.97	0.83	0.030	11.97	3.80	0.32
115	303	0	90	41.12	157.67	132.93	69.35	65.30	14.07	50.18	42.19	2.95	14.31	0.83	0.030	12.33	3.88	0.31
115	293	0	90	38.90	158.33	133.87	70.95	66.02	14.22	50.11	42.21	2.93	14.39	0.83	0.030	11.47	3.94	0.34
115	283	0	90	42.36	158.60	133.92	71.37	66.44	14.31	50.11	42.06	2.94	14.28	0.83	0.031	11.99	3.99	0.33
115	273	0	90	42.36	158.50	133.65	70.60	66.58	14.33	50.00	41.92	2.91	14.42	0.83	0.031	12.42	4.09	0.33
115	263	0	90	36.97	158.67	133.62	70.35	66.35	14.28	49.83	42.49	2.89	14.71	0.83	0.030	11.74	4.04	0.34
115	253	0	90	43.36	160.57	135.97	70.44	66.11	14.21	49.61	44.85	2.89	15.54	0.83	0.032	11.92	4.19	0.35
115	243	0	90	39.41	160.14	135.19	69.27	65.74	14.14	49.25	45.15	2.84	15.88	0.84	0.031	11.84	4.04	0.34
115	233	0	90	42.89	157.90	133.68	69.71	65.34	14.05	49.01	43.55	2.92	14.91	0.83	0.031	11.51	3.85	0.33
115	223	0	90	38.16	156.07	131.74	68.57	64.99	13.99	48.54	42.54	2.73	15.56	0.83	0.030	10.66	3.70	0.35
115	213	0	90	38.60	155.98	131.57	68.94	65.17	14.05	48.27	42.55	2.87	14.81	0.83	0.030	10.95	3.51	0.32
115	203	0	90	39.93	155.32	131.22	69.16	65.02	14.05	47.91	42.39	2.79	15.17	0.83	0.030	11.04	3.47	0.31
115	193	0	90	40.23	153.83	130.04	69.77	64.92	14.05	47.63	41.29	2.51	16.45	0.83	0.029	10.94	3.28	0.30
115	183	0	90	42.03	153.18	129.47	69.34	64.94	14.08	47.62	40.62	2.90	14.03	0.83	0.029	9.45	3.05	0.32
115	173	0	90	35.67	151.28	127.32	68.96	65.00	14.11	47.43	38.84	2.55	15.21	0.83	0.027	8.84	2.83	0.32
115	163	0	90	43.25	151.47	127.96	70.69	65.48	14.22	47.55	38.44	2.66	14.45	0.83	0.028	9.41	2.72	0.29
115	153	0	90	39.91	154.51	130.61	70.58	65.79	14.29	47.57	41.15	2.70	15.26	0.83	0.029	8.80	2.79	0.32
115	143	0	90	40.86	156.62	132.53	70.91	66.23	14.38	47.52	42.88	2.62	16.34	0.83	0.030	8.61	2.71	0.31
125	143	0	90	38.74	156.14	131.81	71.38	66.79	14.52	47.53	41.83	2.70	15.52	0.83	0.028	8.04	2.66	0.33
125	153	0	90	41.73	154.71	130.57	70.77	66.35	14.41	47.58	40.78	2.71	15.06	0.83	0.029	9.05	2.73	0.30
125	163	0	90	42.46	151.31	127.75	70.91	65.90	14.30	47.50	37.91	2.72	13.95	0.82	0.028	9.09	2.72	0.30
125	173	0	90	41.62	150.95	127.11	69.36	65.18	14.12	47.37	38.40	2.59	14.82	0.83	0.028	8.88	2.82	0.32
125	183	0	90	38.75	151.88	128.24	69.35	64.86	14.04	47.36	39.66	2.73	14.55	0.83	0.028	9.86	3.02	0.31
125	193	0	90	40.89	153.70	129.89	69.29	64.83	14.02	47.40	41.47	2.67	15.52	0.83	0.029	10.37	3.25	0.31
125	203	0	90	38.95	154.50	130.56	69.65	65.06	14.04	47.62	41.82	2.73	15.33	0.83	0.029	11.66	3.47	0.30
125	213	0	90	41.38	155.33	131.31	69.97	65.12	14.01	47.90	42.31	2.74	15.45	0.83	0.030	11.05	3.63	0.33
125	223	0	90	36.54	155.48	131.29	69.09	64.94	13.97	48.12	42.42	2.67	15.87	0.83	0.030	11.67	3.81	0.33
125	233	0	90	42.00	156.73	132.79	70.27	65.09	13.97	48.50	43.14	2.90	14.87	0.83	0.031	12.26	3.92	0.32
125	243	0	90	40.59	159.36	134.90	70.14	65.51	14.08	48.88	44.96	2.88	15.60	0.83	0.031	12.56	4.17	0.33
125	253	0	90	38.75	158.60	133.92	69.87	65.89	14.16	49.05	43.66	2.72	16.05	0.84	0.030	13.86	4.24	0.31
125	263	0	90	41.03	157.91	132.85	70.02	66.27	14.25	49.29	42.35	2.86	14.80	0.83	0.030	13.10	4.10	0.31
125	273	0	90	40.31	158.45	133.54	70.18	66.20	14.20	49.52	42.74	2.80	15.26	0.83	0.030	12.18	4.18	0.34
125	283	0	90	40.52	157.38	132.77	69.63	65.70	14.11	49.61	42.07	3.11	13.52	0.83	0.031	11.40	4.08	0.36
125	293	0	90	40.68	158.43	134.21	70.46	65.39	14.04	49.59	43.45	2.87	15.14	0.83	0.031	12.52	4.16	0.33
125	303	0	90	41.69	157.72	133.36	69.73	65.17	14.01	49.68	42.87	3.02	14.20	0.83	0.031	11.70	4.10	0.35
125	313	0	90	43.19	156.90	132.61	69.17	64.69	13.91	49.63	42.59	2.95	14.43	0.83	0.031	12.12	4.08	0.34
125	323	0	90	38.44	156.71	132.19	67.80	64.46	13.88	49.51	42.75	2.88	14.82	0.83	0.030	12.46	4.01	0.32
125	333	0	90	43.20	157.61	133.51	68.88	64.27	13.85	49.37	43.97	2.90	15.18	0.83	0.030	12.51	4.04	0.32
125	343	0	90	39.00	157.43	133.41	68.55	64.02	13.84	49.34	44.06	2.89	15.23	0.83	0.030	11.62	3.84	0.33
125	353	0	90	37.96	155.69	131.80	68.92	64.06	13.87	49.37	42.26	2.79	15.12	0.83	0.030	11.19	3.66	0.33
125	363	0	90	38.90	153.90	129.95	68.02	63.81	13.81	49.22	40.86	2.77	14.76	0.83	0.029	10.03	3.40	0.34
125	373	0	90	39.88	154.23	130.37	67.58	63.48	13.76	49.09	41.66	2.90	14.39	0.83	0.029	9.37	3.24	0.35
125	383	0	90	41.52	155.50	131.92	67.94	63.28	13.73	48.99	43.23	3.11	13.92	0.83	0.030	8.38	3.20	0.38
125	393	0	90	39.80	158.55	134.88	67.96	63.43	13.76	48.98	46.14	2.91	15.87	0.83	0.031	9.37	3.19	0.34
125	403	0	90	41.67	158.37	134.56	68.06	63.76	13.83	48.97	45.65	2.85	16.00	0.83	0.031	8.83	2.99	0.34
125	413	0	90	39.29	156.40	132.46	67.33	63.51	13.78	48.74	44.16	2.91	15.19	0.83	0.029	8.00	2.87	0.36
125	423	0	90	40.32	156.19	132.69	67.16	62.85	13.63	48.42	44.92	2.76	16.30	0.83	0.030	9.03	2.84	0.31
135	423	0	90	43.17	158.36	134.83	67.94	63.39	13.74	48.60	46.37	3.01	15.40	0.83	0.031	8.59	2.89	0.34
135	413	0	90	38.83	158.25	134.37	67.77	63.83	13.86	48.82	45.60	2.75	16.60	0.83	0.031	8.31	2.93	0.35
135	403	0	90	41.64	158.89	135.06	68.39	63.81	13.83	48.96	46.12	2.99	15.44	0.83	0.031	8.84	3.06	0.35
135	393	0	90	40.13	157.57	133.51	67.09	63.64	13.81	48.92	45.01	2.69	16.75	0.84	0.030	10.58	3.17	0.30
135	383	0	90	38.81	154.98	131.14	67.85	63.81	13.83	48.94	42.22	2.89	14.63	0.83	0.029	9.88	3.18	0.32
135	373	0	90	40.64	153.24	129.46	68.77	64.23	13.92	49.09	39.92	2.99	13.34	0.83	0.029	9.13	3.14	0.34
135	363	0	90	39.58	153.76	129.83	69.16	64.48	13.96	49.13	40.15	2.94	13.66	0.83	0.029	9.96	3.31	0.33
135	353	0	90	39.79	155.61	131.65	69.14	64.39	13.94	49.26	41.97	2.93	14.32	0.83	0.030	10.86	3.61	0.33
135	343	0	90	40.34	156.85	133.01	69.19	64.14	13.84	49.19	43.53	2.99	14.56	0.83	0.031	10.78	3.80	0.35
135	333	0	90	41.22	157.54	133.44	68.40	64.18	13.81	49.17	44.19	3.17	13.94	0.83	0.031	11.92	4.09	0.34
135	323	0	90	41.04	157.21	133.03	68.99	64.31	13.82	49.24	43.67	2.96	14.73	0.83	0.031	12.02	4.09	0.34
135	313	0	90	41.94	157.82	133.51	68.87	64.60	13.87	49.32	43.90	3.09	14.20	0.83	0.031	11.84	4.24	0.36
135	303	0	90	40.79	157.79	133.10	68.94	65.14	13.99	49.27	43.38	2.83	15.31	0.83	0.030	12.87	4.27	0.33
135	293	0	90	41.74	157.72	133.45	70.32	65.46	14.03	49.36	42.90	2.98	14.42	0.83	0.031	13.30	4.32	0.32
135	283	0	90	40.33	157.23	132.55	70.10	65.94	14.13	49.26	42.03	2.84	14.82	0.83	0.030	12.09	4.31	0.36
135	273	0	90	44.51	158.87	134.39	71.73	66.43	14.23	49.24	43.21	3.10	13.96	0.83	0.031	11.92	4.34	0.36
135	263	0	90	39.99	157.52	132.75	70.36	66.23	14.20	48.98	42.31	2.84	14.88	0.83	0.030	12.83	4.24	0.33
135	253	0	90	42.66	158.46	134.20	71.06	65.91	14.13	48.71	43.83	2.86	15.35	0.83	0.032	13.82	4.29	0.31
135	243	0	90	42.88	158.84	134.72	70.43	65.40	14.02	48.41	45.03	3.01	14.98	0.83	0.032	12.96	4.28	0.33
135	233	0	90	43.30	155.10	131.09	69.65	64.93	13.91	47.97	42.20	2.84	14.87	0.83	0.031	11.73	4.03	0.34
135	223	0	90	42.66	155.51	131.58	69.91	64.94	13.92	47.67	42.91	2.76	15.56	0.83	0.030	11.89	3.88	0.33
135	213	0	90	38.53	155.23	131.21	69.36	64.99	13.95	47.38	42.85	2.52	17.03	0.83	0.030	12.47	3.79	0.30
135	203	0	90	39.30	153.21	129.55	69.79	64.62	13.88	47.04	41.54	2.88	14.43	0.83	0.029	11.11	3.51	0.32
135	193	0	90	39.28	152.46	129.01	69.18	64.35	13.85	46.86	41.24	2.60	15.89	0.83	0.029	10.45	3.24	0.31
135	183	0	90	37.26	151.31	127.06	67.59	64.55	13.91	46.82	39.93	2.47	16.15	0.83	0.027	10.04	2.99	0.30
135	173	0	90	39.70	151.22	127.61	69.70	65.04	14.03	46.88	39.29	2.70	14.53	0.83	0.029	8.57	2.91	0.34
135	163	0	90	40.44	152.49	128.97	70.88	65.66	14.18	46.99	39.84	2.67	14.90	0.83	0.029	9.04	2.78	0.31
135	153	0	90	37.67	153.24	128.83	69.52	65.97	14.27	46.90	40.36	2.63	15.37	0.83	0.028	9.21	2.75	0.30
135	143	0	90	39.08	154.54	130.45	70.61	66.40	14.36	46.88	41.26	2.65	15.56	0.83	0.029	8.81	2.70	0.31
145	143	0	90	39.96	153.16	129.03	70.55	66.40	14.35	46.53	40.23	2.53	15.89	0.83	0.028	8.33	2.64	0.32
145	153	0	90	42.96	152.42	128.51	70.28	65.88	14.22	46.69	39.84	2.61	15.26	0.83	0.028	9.36	2.74	0.29
145	163	0	90	38.75	151.59	127.61	69.50	65.38	14.12	46.66	39.54	2.60	15.21	0.83	0.028	8.92	2.80	0.31
145	173	0	90	39.85	151.67	128.11	69.62	64.76	13.97	46.62	40.30	2.51	16.03	0.83	0.029	10.50	2.97	0.28
145	183	0	90	40.87	151.70	128.27	69.12	64.40	13.85	46.59	40.70	2.65	15.34	0.83	0.029	9.84	3.12	0.32
145	193	0	90	36.02	151.08	127.51	68.68	64.27	13.80	46.64	40.17	2.71	14.82	0.83	0.028	10.27	3.26	0.32
145	203	0	90	38.36	151.22	127.55	69.02	64.48	13.85	46.82	39.92	2.71	14.73	0.83	0.028	11.59	3.44	0.30
145	213	0	90	40.68	154.76	130.99	69.50	64.84	13.90	47.17	42.75	2.72	15.74	0.83	0.031	12.47	3.88	0.31
145	223	0	90	39.69	155.33	131.33	69.01	64.72	13.86	47.46	43.15	2.77	15.60	0.83	0.031	13.41	4.07	0.30
145	233	0	90	39.55	155.04	130.67	68.55	64.88	13.88	47.75	42.41	2.63	16.14	0.83	0.030	13.20	4.10	0.31
145	243	0	90	42.79	157.68	133.34	69.75	65.35	13.99	48.16	44.18	2.77	15.94	0.83	0.031	13.66	4.31	0.32
145	253	0	90	41.24	157.28	132.68	69.85	65.74	14.07	48.45	43.10	2.73	15.81	0.83	0.031	13.22	4.24	0.32
145	263	0	90	37.79	158.29	133.66	70.31	66.04	14.15	48.75	43.51	2.84	15.33	0.83	0.031	12.81	4.36	0.34
145	273	0	90	41.41	160.43	135.72	71.22	66.42	14.23	49.06	44.95	3.00	14.99	0.83	0.032	13.10	4.50	0.34
145	283	0	90	42.05	158.04	133.41	70.54	66.12	14.16	49.13	42.80	2.84	15.07	0.83	0.031	14.41	4.39	0.30
145	293	0	90	37.14	157.87	133.20	70.01	65.69	14.08	49.06	43.12	2.84	15.18	0.83	0.030	13.51	4.36	0.32
145	303	0	90	39.79	158.11	133.38	69.26	65.40	14.03	49.08	43.63	3.03	14.38	0.83	0.031	12.04	4.36	0.36
145	313	0	90	40.01	158.05	133.73	68.89	64.65	13.86	48.89	44.50	2.88	15.44	0.83	0.031	13.53	4.30	0.32
145	323	0	90	40.93	157.01	133.08	68.92	64.23	13.78	48.86	43.93	2.95	14.89	0.83	0.031	12.19	4.16	0.34
145	333	0	90	42.07	157.20	133.31	68.91	64.22	13.79	48.85	44.13	3.14	14.04	0.83	0.031	11.51	4.06	0.35
145	343	0	90	38.27	156.16	131.98	67.90	64.16	13.82	48.73	43.28	2.71	16.00	0.83	0.030	12.09	3.88	0.32
145	353	0	90	40.70	155.49	131.69	69.54	64.36	13.87	48.85	42.28	2.91	14.51	0.83	0.030	11.03	3.65	0.33
145	363	0	90	41.22	153.40	129.94	69.95	64.56	13.92	48.77	40.06	2.98	13.46	0.83	0.030	10.05	3.33	0.33
145	373	0	90	38.05	152.32	128.53	68.47	64.39	13.91	48.64	39.29	2.90	13.54	0.83	0.029	9.42	3.19	0.34
145	383	0	90	39.97	153.81	130.15	68.54	63.88	13.80	48.57	41.35	2.70	15.33	0.83	0.029	9.93	3.15	0.32
145	393	0	90	40.05	154.85	131.40	68.73	63.67	13.73	48.55	42.63	2.90	14.69	0.83	0.030	9.15	3.09	0.34
145	403	0	90	41.02	156.18	132.50	67.90	63.57	13.72	48.42	44.19	2.93	15.11	0.83	0.030	8.96	3.09	0.34
145	413	0	90	41.13	157.04	133.47	68.14	63.47	13.71	48.39	45.18	2.98	15.15	0.83	0.030	9.21	2.99	0.32
145	423	0	90	39.73	155.65	132.16	67.83	63.22	13.64	48.10	44.33	2.91	15.25	0.83	0.030	8.88	2.88	0.32
155	423	0	90	41.55	156.10	132.75	68.22	63.36	13.66	47.99	44.76	2.96	15.12	0.83	0.030	8.17	2.88	0.35
155	413	0	90	38.31	156.30	132.68	67.71	63.57	13.72	48.20	44.53	2.87	15.51	0.83	0.030	8.58	2.99	0.35
155	403	0	90	39.25	155.95	132.46	68.40	63.75	13.76	48.30	43.90	2.95	14.86	0.83	0.030	9.05	3.08	0.34
155	393	0	90	39.16	154.82	130.92	67.76	63.92	13.80	48.38	42.51	2.81	15.10	0.83	0.029	9.60	3.10	0.32
155	383	0	90	41.80	154.76	131.23	69.00	64.14	13.83	48.52	42.10	2.94	14.30	0.83	0.030	8.81	3.22	0.37
155	373	0	90	36.17	152.86	128.82	68.19	64.19	13.86	48.54	40.14	2.73	14.72	0.83	0.029	10.67	3.28	0.31
155	363	0	90	42.53	154.03	130.25	69.01	64.44	13.89	48.67	40.91	3.10	13.21	0.83	0.030	9.82	3.44	0.35
155	353	0	90	38.16	155.18	130.99	68.07	64.39	13.87	48.61	42.19	2.73	15.46	0.83	0.029	11.59	3.72	0.32
155	343	0	90	41.94	157.42	133.39	68.83	64.33	13.83	48.56	44.53	2.94	15.16	0.83	0.031	11.49	4.06	0.35
155	333	0	90	40.70	158.43	134.10	67.81	64.21	13.78	48.58	45.64	2.86	15.94	0.84	0.031	12.13	4.26	0.35
155	323	0	90	36.39	156.60	132.25	68.47	64.34	13.80	48.61	43.64	2.69	16.23	0.84	0.030	14.03	4.15	0.30
155	313	0	90	43.73	156.92	132.80	69.40	64.65	13.85	48.66	43.61	2.86	15.27	0.83	0.031	13.46	4.28	0.32
155	303	0	90	41.39	155.66	131.67	70.09	65.10	13.94	48.80	41.76	2.92	14.30	0.83	0.031	12.88	4.27	0.33
155	293	0	90	39.59	155.48	131.09	69.84	65.61	14.04	48.84	41.04	2.90	14.13	0.83	0.030	12.63	4.27	0.34
155	283	0	90	40.81	156.97	132.48	70.94	66.24	14.18	48.82	41.90	2.93	14.31	0.83	0.031	12.34	4.42	0.36
155	273	0	90	43.36	158.50	133.87	71.19	66.47	14.22	48.85	43.18	2.92	14.81	0.83	0.032	12.89	4.41	0.34
155	263	0	90	40.48	157.91	133.09	69.97	66.12	14.14	48.56	43.23	2.63	16.43	0.83	0.031	14.74	4.47	0.30
155	253	0	90	37.50	155.58	130.68	68.76	65.59	14.03	48.14	41.85	2.54	16.49	0.83	0.029	13.22	4.19	0.32
155	243	0	90	39.98	154.58	130.23	69.07	65.10	13.92	47.81	41.67	2.80	14.90	0.83	0.030	12.71	4.13	0.33
155	233	0	90	39.91	153.48	129.40	68.77	64.66	13.80	47.38	41.44	2.65	15.62	0.83	0.030	12.24	4.00	0.33
155	223	0	90	37.70	152.38	128.38	67.78	64.15	13.69	46.96	41.27	2.69	15.33	0.83	0.029	12.53	3.89	0.31
155	213	0	90	38.55	152.27	128.29	68.13	64.18	13.72	46.68	41.41	2.68	15.46	0.83	0.029	11.59	3.76	0.32
155	203	0	90	40.46	151.20	127.99	69.92	64.26	13.74	46.41	40.52	2.67	15.15	0.83	0.030	11.93	3.51	0.29
155	193	0	90	38.67	150.38	126.71	68.13	64.01	13.70	46.26	40.11	2.76	14.54	0.83	0.028	10.95	3.26	0.30
155	183	0	90	39.31	150.63	126.98	67.38	64.00	13.73	46.07	40.56	2.66	15.22	0.83	0.028	11.07	3.13	0.28
155	173	0	90	39.06	149.87	126.50	69.21	64.45	13.84	46.04	39.39	2.71	14.53	0.83	0.028	9.96	2.99	0.30
155	163	0	90	42.30	149.92	126.88	70.56	64.96	13.97	46.01	38.95	2.73	14.26	0.83	0.029	9.05	2.86	0.32
155	153	0	90	42.48	150.49	126.80	69.77	65.50	14.10	45.98	39.01	2.67	14.61	0.83	0.028	8.34	2.71	0.33
155	143	0	90	41.94	150.61	127.16	70.93	65.91	14.19	45.84	38.86	2.60	14.95	0.83	0.028	9.00	2.60	0.29
165	143	0	90	37.04	149.58	125.60	69.11	65.60	14.15	45.56	38.42	2.44	15.74	0.83	0.027	9.34	2.55	0.27
165	153	0	90	38.38	150.10	126.13	69.34	65.45	14.11	45.73	38.92	2.41	16.15	0.83	0.027	8.90	2.67	0.30
165	163	0	90	39.78	149.29	125.87	69.39	64.88	13.97	45.71	38.70	2.50	15.48	0.83	0.028	10.08	2.80	0.28
165	173	0	90	37.67	149.15	125.49	68.37	64.45	13.85	45.70	39.01	2.51	15.51	0.83	0.027	9.51	2.97	0.31
165	183	0	90	41.35	149.74	126.51	68.90	64.12	13.76	45.86	39.75	2.82	14.12	0.83	0.029	9.87	3.13	0.32
165	193	0	90	38.63	150.43	127.04	68.79	64.14	13.74	46.15	40.14	2.58	15.58	0.83	0.029	10.73	3.31	0.31
165	203	0	90	34.70	150.44	126.97	68.57	64.10	13.71	46.21	40.12	2.51	16.01	0.83	0.029	12.19	3.51	0.29
165	213	0	90	39.57	150.47	126.94	68.56	64.03	13.67	46.58	39.86	2.64	15.12	0.83	0.029	11.43	3.59	0.31
165	223	0	90	35.92	149.81	125.76	67.78	63.95	13.65	46.83	39.04	2.43	16.04	0.83	0.028	12.89	3.71	0.29
165	233	0	90	41.51	151.78	128.02	69.22	64.60	13.78	47.27	39.91	2.93	13.60	0.83	0.029	12.05	3.92	0.33
165	243	0	90	39.57	151.77	127.98	70.20	65.02	13.88	47.51	39.24	2.93	13.40	0.83	0.029	11.89	3.88	0.33
165	253	0	90	39.83	155.09	130.80	70.24	65.51	14.00	47.94	41.64	2.61	15.95	0.83	0.030	14.64	4.26	0.29
165	263	0	90	40.63	156.03	131.44	70.35	65.99	14.10	48.25	41.79	2.71	15.44	0.83	0.030	13.88	4.33	0.31
165	273	0	90	39.03	157.90	133.20	70.62	66.18	14.15	48.53	43.18	2.72	15.88	0.83	0.031	13.31	4.44	0.33
165	283	0	90	39.92	159.31	134.62	70.33	65.99	14.11	48.73	44.59	2.81	15.84	0.83	0.032	13.82	4.60	0.33
165	293	0	90	41.38	157.06	132.64	70.22	65.44	13.99	48.67	42.95	2.95	14.56	0.83	0.031	12.83	4.37	0.34
165	303	0	90	39.75	156.02	131.91	69.58	64.93	13.89	48.59	42.50	2.79	15.23	0.83	0.031	13.00	4.25	0.33
165	313	0	90	40.18	157.70	133.34	68.88	64.63	13.82	48.51	44.57	2.90	15.35	0.84	0.031	12.92	4.33	0.34
165	323	0	90	37.46	157.74	133.23	67.86	64.37	13.79	48.41	44.96	2.59	17.35	0.84	0.030	13.89	4.30	0.31
165	333	0	90	42.73	160.08	136.18	69.44	64.31	13.77	48.42	47.34	3.01	15.73	0.84	0.033	13.69	4.47	0.33
165	343	0	90	39.70	156.70	132.58	68.37	64.18	13.77	48.28	44.24	2.83	15.63	0.83	0.030	12.32	4.00	0.32
165	353	0	90	38.60	154.02	130.03	67.91	63.98	13.74	48.18	41.85	2.75	15.22	0.83	0.029	10.82	3.70	0.34
165	363	0	90	42.97	153.51	129.94	68.26	63.90	13.72	48.32	41.28	3.05	13.53	0.83	0.030	11.72	3.52	0.30
165	373	0	90	41.16	154.34	130.68	68.95	64.03	13.77	48.26	42.05	3.03	13.86	0.83	0.030	10.77	3.49	0.32
165	383	0	90	38.03	154.25	130.56	68.55	64.02	13.80	48.16	42.07	2.80	15.01	0.83	0.029	9.71	3.24	0.33
165	393	0	90	38.53	155.10	131.45	68.53	63.84	13.72	48.06	43.20	2.75	15.69	0.83	0.030	9.68	3.23	0.33
165	403	0	90	39.99	155.43	132.22	69.21	63.50	13.66	47.91	44.02	2.71	16.27	0.83	0.030	9.95	3.09	0.31
165	413	0	90	40.49	154.74	131.29	67.41	63.10	13.55	47.75	43.89	2.81	15.63	0.83	0.030	8.31	2.93	0.35
165	423	0	90	41.29	153.72	130.88	68.39	63.02	13.52	47.55	43.16	2.90	14.86	0.83	0.030	7.73	2.81	0.36
175	423	0	90	41.11	151.93	128.88	67.74	62.87	13.49	47.38	41.69	2.93	14.25	0.83	0.029	8.78	2.72	0.31
175	413	0	90	37.76	152.66	129.15	66.74	62.92	13.52	47.48	42.26	2.73	15.51	0.83	0.028	8.43	2.84	0.34
175	403	0	90	40.65	153.55	130.31	68.25	63.27	13.59	47.71	42.57	2.88	14.79	0.83	0.030	9.04	3.03	0.33
175	393	0	90	39.59	155.09	131.39	67.92	63.87	13.75	48.02	43.20	2.79	15.50	0.83	0.030	10.11	3.29	0.33
175	383	0	90	39.64	154.67	131.12	69.41	64.18	13.81	48.11	42.38	2.91	14.57	0.83	0.030	10.22	3.30	0.32
175	373	0	90	40.45	154.66	130.94	68.07	63.93	13.73	48.16	42.58	2.87	14.83	0.83	0.030	10.30	3.49	0.34
175	363	0	90	37.35	153.12	129.34	67.87	63.56	13.64	48.03	41.53	2.80	14.83	0.83	0.029	10.98	3.61	0.33
175	353	0	90	39.57	152.81	128.83	66.96	63.75	13.67	47.96	41.09	2.71	15.16	0.83	0.029	11.00	3.76	0.34
175	343	0	90	38.88	154.94	131.12	68.20	63.93	13.71	48.03	42.99	2.83	15.20	0.83	0.030	12.37	4.06	0.33
175	333	0	90	43.05	157.54	133.55	68.66	63.99	13.69	48.23	45.32	2.83	15.99	0.84	0.031	12.69	4.39	0.35
175	323	0	90	43.63	157.59	133.98	69.64	64.25	13.73	48.30	45.03	3.02	14.92	0.83	0.032	12.64	4.47	0.35
175	313	0	90	43.11	157.38	133.35	69.09	64.47	13.77	48.35	44.55	2.86	15.56	0.83	0.032	12.22	4.39	0.36
175	303	0	90	42.49	157.81	133.58	69.44	64.92	13.86	48.46	44.43	2.91	15.25	0.83	0.032	12.97	4.41	0.34
175	293	0	90	40.71	159.40	134.74	69.11	65.32	13.96	48.48	45.60	2.77	16.46	0.84	0.032	14.33	4.54	0.32
175	283	0	90	41.34	160.22	135.65	70.51	65.85	14.06	48.52	45.85	2.83	16.22	0.83	0.032	14.24	4.53	0.32
175	273	0	90	40.58	157.03	132.81	70.98	65.94	14.06	48.32	42.78	2.99	14.29	0.83	0.031	12.61	4.34	0.34
175	263	0	90	42.02	155.31	130.94	70.42	65.73	14.01	48.00	41.57	2.83	14.67	0.83	0.030	13.52	4.34	0.32
175	253	0	90	39.40	154.05	129.51	69.07	65.43	13.94	47.65	40.97	2.78	14.72	0.83	0.030	12.17	4.17	0.34
175	243	0	90	39.23	152.18	128.15	69.49	65.02	13.87	47.31	39.85	2.67	14.90	0.83	0.029	12.93	3.89	0.30
175	233	0	90	39.32	151.22	127.49	68.74	64.37	13.70	47.00	39.85	2.92	13.63	0.83	0.029	11.26	3.83	0.34
175	223	0	90	42.82	150.88	127.18	67.87	63.75	13.56	46.59	40.53	2.68	15.11	0.83	0.029	13.56	3.86	0.28
175	213	0	90	38.37	149.51	126.06	68.12	63.55	13.53	46.13	39.82	2.60	15.33	0.83	0.029	11.49	3.62	0.32
175	203	0	90	39.97	148.76	125.51	68.12	63.62	13.55	45.84	39.29	2.78	14.11	0.83	0.028	10.73	3.37	0.31
175	193	0	90	40.06	148.11	124.88	68.20	63.65	13.58	45.62	38.85	2.74	14.15	0.83	0.028	10.35	3.16	0.31
175	183	0	90	37.18	147.63	124.37	68.10	63.86	13.66	45.42	38.34	2.54	15.07	0.83	0.027	9.67	3.02	0.31
175	173	0	90	39.77	147.79	124.45	68.97	64.24	13.77	45.35	38.21	2.51	15.20	0.83	0.028	9.84	2.95	0.30
175	163	0	90	39.08	147.67	124.26	69.43	64.74	13.89	45.28	37.65	2.57	14.66	0.83	0.027	9.58	2.77	0.29
175	153	0	90	40.23	148.28	125.21	70.42	65.05	13.96	45.33	37.90	2.79	13.58	0.82	0.028	8.58	2.67	0.31
175	143	0	90	38.88	148.01	124.77	69.54	64.96	13.96	45.13	37.93	2.42	15.68	0.83	0.028	8.00	2.49	0.31
185	143	0	90	39.02	145.86	122.91	69.82	64.46	13.84	44.84	36.57	2.59	14.11	0.83	0.027	7.95	2.44	0.31
185	153	0	90	38.68	145.30	121.95	68.38	64.31	13.80	44.87	36.11	2.41	14.96	0.83	0.026	9.25	2.53	0.27
185	163	0	90	39.67	146.27	123.09	69.00	64.35	13.80	45.11	36.81	2.54	14.49	0.83	0.027	8.66	2.71	0.31
185	173	0	90	39.65	146.18	122.72	67.50	64.00	13.72	45.08	37.10	2.68	13.84	0.83	0.027	9.03	2.83	0.31
185	183	0	90	39.28	145.22	121.96	67.53	63.57	13.58	45.13	36.51	2.61	13.98	0.83	0.027	9.26	2.89	0.31
185	193	0	90	39.45	146.55	123.54	68.03	63.47	13.54	45.39	37.69	2.52	14.96	0.83	0.028	10.54	3.11	0.30
185	203	0	90	35.49	148.11	124.66	66.95	63.27	13.49	45.54	39.29	2.48	15.81	0.83	0.027	10.82	3.30	0.31
185	213	0	90	37.31	148.48	125.05	67.52	63.40	13.50	45.81	39.27	2.56	15.35	0.83	0.028	12.01	3.54	0.29
185	223	0	90	37.89	150.01	126.62	68.00	63.44	13.49	46.19	40.39	2.64	15.30	0.83	0.029	11.85	3.76	0.32
185	233	0	90	37.03	150.97	127.42	68.64	64.03	13.62	46.63	40.31	2.64	15.29	0.83	0.029	13.06	3.76	0.29
185	243	0	90	40.00	151.68	127.92	69.49	64.70	13.79	46.99	39.99	2.76	14.51	0.83	0.030	12.46	3.90	0.31
185	253	0	90	38.93	152.66	128.65	69.93	65.14	13.87	47.45	40.07	2.87	13.94	0.83	0.029	12.10	4.02	0.33
185	263	0	90	40.08	154.09	129.90	69.76	65.40	13.92	47.85	40.85	2.78	14.70	0.83	0.030	12.10	4.18	0.35
185	273	0	90	39.31	155.08	130.28	68.75	65.48	13.95	48.05	41.55	2.75	15.11	0.83	0.029	12.62	4.15	0.33
185	283	0	90	42.04	157.55	133.07	69.80	65.41	13.94	48.15	43.98	2.90	15.15	0.83	0.031	13.33	4.32	0.32
185	293	0	90	42.62	158.79	134.30	69.77	65.39	13.94	48.26	45.14	2.88	15.70	0.83	0.031	12.75	4.41	0.35
185	303	0	90	43.13	158.68	134.46	70.35	65.04	13.88	48.35	45.28	2.82	16.04	0.83	0.032	13.40	4.42	0.33
185	313	0	90	43.60	157.07	133.08	69.54	64.59	13.79	48.19	44.29	2.80	15.80	0.83	0.031	13.72	4.36	0.32
185	323	0	90	41.07	156.52	132.01	67.16	64.20	13.71	48.12	44.20	2.76	16.01	0.84	0.030	12.71	4.41	0.35
185	333	0	90	39.69	156.95	133.07	68.20	63.72	13.60	48.01	45.22	3.05	14.81	0.83	0.032	13.36	4.44	0.33
185	343	0	90	41.29	154.73	131.15	68.59	63.68	13.62	47.81	43.25	2.91	14.84	0.83	0.031	12.00	4.19	0.35
185	353	0	90	37.63	152.58	128.66	67.08	63.44	13.60	47.63	41.51	2.64	15.70	0.83	0.029	12.93	3.92	0.30
185	363	0	90	40.56	151.35	127.86	67.55	63.51	13.59	47.79	40.05	2.96	13.53	0.83	0.030	10.08	3.57	0.35
185	373	0	90	39.10	150.50	127.20	68.45	63.63	13.64	47.76	39.12	2.69	14.54	0.83	0.029	10.42	3.29	0.32
185	383	0	90	37.26	152.58	129.18	69.15	64.00	13.74	47.80	40.79	2.84	14.37	0.83	0.029	9.69	3.22	0.33
185	393	0	90	39.53	155.35	131.69	68.11	63.86	13.71	47.68	43.82	2.85	15.36	0.83	0.030	10.46	3.30	0.32
185	403	0	90	37.88	153.10	129.41	66.62	63.17	13.55	47.36	42.58	2.70	15.75	0.83	0.029	9.78	3.04	0.31
185	413	0	90	39.66	151.30	128.02	67.50	62.88	13.48	47.18	41.25	2.77	14.91	0.83	0.028	9.04	2.86	0.32
185	423	0	90	37.16	150.70	126.97	65.48	62.84	13.47	47.00	40.86	2.71	15.11	0.83	0.027	8.01	2.70	0.34
195	423	0	90	39.51	149.35	126.15	66.71	62.75	13.44	46.83	39.77	2.76	14.41	0.83	0.028	8.23	2.65	0.32
195	413	0	90	39.64	149.02	126.05	67.78	62.91	13.47	47.04	39.07	2.89	13.50	0.83	0.028	8.08	2.71	0.34
195	403	0	90	36.95	150.34	126.71	66.74	63.29	13.57	47.24	39.81	2.80	14.20	0.83	0.028	8.67	2.88	0.33
195	393	0	90	40.67	153.43	130.11	68.49	63.85	13.69	47.60	41.97	3.00	13.97	0.83	0.030	9.58	3.20	0.33
195	383	0	90	39.23	152.19	128.08	67.57	64.02	13.73	47.65	40.52	2.72	14.88	0.83	0.028	9.58	3.20	0.33
195	373	0	90	38.96	150.14	126.95	68.57	63.61	13.61	47.73	38.80	2.90	13.38	0.83	0.029	10.29	3.26	0.32
195	363	0	90	41.28	149.78	126.82	69.18	63.52	13.59	47.73	38.53	3.05	12.64	0.83	0.029	10.69	3.45	0.32
195	353	0	90	40.31	152.07	128.42	67.72	63.40	13.56	47.66	41.02	2.93	14.00	0.83	0.029	11.78	3.88	0.33
195	343	0	90	42.45	154.50	130.92	68.43	63.64	13.59	47.77	43.09	2.99	14.39	0.83	0.031	12.74	4.09	0.32
195	333	0	90	43.54	157.87	134.05	68.36	63.81	13.60	48.04	46.02	2.95	15.62	0.83	0.032	13.47	4.39	0.33
195	323	0	90	42.88	157.96	134.14	69.38	64.35	13.70	48.18	45.43	3.04	14.93	0.83	0.032	12.08	4.41	0.37
195	313	0	90	42.18	157.62	133.23	68.44	64.67	13.78	48.15	44.81	2.83	15.82	0.83	0.031	13.25	4.34	0.33
195	303	0	90	38.25	158.24	133.75	68.84	64.93	13.84	48.08	45.23	2.74	16.52	0.84	0.031	14.00	4.37	0.31
195	293	0	90	42.33	156.79	132.73	69.80	65.16	13.86	48.04	43.60	3.01	14.47	0.83	0.031	13.11	4.27	0.33
195	283	0	90	42.80	156.12	132.01	69.42	65.15	13.84	47.96	43.00	2.79	15.42	0.83	0.031	12.99	4.22	0.32
195	273	0	90	40.69	155.40	131.26	69.73	65.28	13.86	47.88	42.24	2.73	15.47	0.83	0.030	12.90	4.14	0.32
195	263	0	90	37.13	154.33	129.86	69.19	65.41	13.90	47.67	41.26	2.71	15.21	0.83	0.029	12.85	4.07	0.32
195	253	0	90	37.22	152.02	128.20	70.35	65.41	13.89	47.47	39.14	2.82	13.86	0.83	0.030	11.72	3.81	0.32
195	243	0	90	37.07	149.62	125.90	69.65	64.93	13.81	46.96	37.72	2.68	14.10	0.83	0.029	12.45	3.62	0.29
195	233	0	90	38.58	150.09	126.33	68.63	64.26	13.66	46.50	39.33	2.48	15.85	0.83	0.028	12.24	3.54	0.29
195	223	0	90	37.50	148.96	125.35	67.58	63.66	13.52	46.11	39.19	2.64	14.85	0.83	0.028	11.92	3.56	0.30
195	213	0	90	35.13	147.62	124.19	67.25	63.36	13.48	45.66	38.60	2.38	16.19	0.83	0.027	11.95	3.43	0.29
195	203	0	90	39.47	146.55	123.51	67.57	63.39	13.48	45.52	37.64	2.68	14.03	0.83	0.028	10.22	3.21	0.31
195	193	0	90	40.82	145.47	122.54	68.21	63.51	13.53	45.35	36.61	2.61	14.04	0.82	0.028	10.47	3.06	0.29
195	183	0	90	35.70	144.74	121.38	67.60	63.68	13.60	45.06	36.00	2.55	14.09	0.83	0.026	10.03	2.88	0.29
195	173	0	90	36.98	145.44	122.00	67.63	63.84	13.65	44.98	36.62	2.64	13.86	0.83	0.026	9.08	2.83	0.31
195	163	0	90	40.13	144.94	121.91	68.27	63.96	13.70	44.85	36.14	2.54	14.20	0.82	0.027	8.87	2.60	0.29
195	153	0	90	37.35	145.13	121.94	67.81	63.90	13.69	44.61	36.62	2.39	15.30	0.83	0.026	8.76	2.49	0.28
195	143	0	90	37.68	145.37	122.37	68.35	63.85	13.69	44.49	37.02	2.54	14.60	0.83	0.027	7.95	2.45	0.31
205	143	0	90	38.87	146.50	123.45	67.80	63.59	13.62	44.50	38.41	2.51	15.29	0.83	0.027	8.40	2.51	0.30
205	153	0	90	36.16	145.75	122.68	68.03	63.63	13.62	44.64	37.47	2.41	15.55	0.83	0.027	8.56	2.52	0.29
205	163	0	90	39.14	145.57	122.59	68.47	63.76	13.63	44.89	36.93	2.55	14.47	0.83	0.026	8.30	2.57	0.31
205	173	0	90	35.33	146.02	122.81	67.79	63.60	13.59	44.98	37.44	2.55	14.68	0.83	0.027	9.53	2.80	0.29
205	183	0	90	37.93	145.52	122.85	68.92	63.52	13.55	45.11	36.90	2.64	14.00	0.83	0.027	9.75	2.92	0.30
205	193	0	90	38.95	144.42	121.87	68.81	63.30	13.49	45.13	35.99	2.75	13.08	0.82	0.027	9.80	2.96	0.30
205	203	0	90	37.16	144.35	121.56	68.15	63.19	13.43	45.24	35.92	2.61	13.78	0.83	0.027	9.90	3.06	0.31
205	213	0	90	36.71	145.84	122.52	66.84	63.12	13.41	45.43	37.29	2.53	14.73	0.83	0.027	10.99	3.25	0.30
205	223	0	90	36.16	147.26	124.20	68.18	63.32	13.44	45.85	38.09	2.64	14.41	0.83	0.028	10.46	3.37	0.32
205	233	0	90	36.73	148.53	124.65	66.88	63.85	13.55	46.18	38.50	2.54	15.14	0.83	0.028	12.03	3.46	0.29
205	243	0	90	40.15	149.88	126.15	69.09	64.67	13.74	46.70	38.51	2.82	13.63	0.83	0.028	11.27	3.58	0.32
205	253	0	90	39.40	152.64	128.53	69.23	65.13	13.83	47.24	40.27	2.79	14.42	0.83	0.029	12.12	3.74	0.31
205	263	0	90	39.67	154.32	130.18	69.51	65.21	13.82	47.50	41.62	2.74	15.20	0.83	0.030	13.20	3.93	0.30
205	273	0	90	39.39	155.45	131.28	69.25	65.01	13.78	47.71	42.73	2.71	15.76	0.83	0.030	13.02	4.03	0.31
205	283	0	90	40.44	155.88	131.82	69.69	64.87	13.75	47.73	43.28	2.75	15.75	0.83	0.030	11.79	4.10	0.35
205	293	0	90	38.23	154.94	130.91	69.35	64.80	13.73	47.84	42.30	2.64	16.02	0.83	0.030	12.32	3.98	0.32
205	303	0	90	39.01	155.92	131.84	69.57	64.90	13.79	47.98	43.05	2.69	15.99	0.83	0.030	12.65	4.09	0.32
205	313	0	90	42.20	155.71	131.61	69.35	64.65	13.74	48.03	43.03	2.91	14.77	0.83	0.031	12.86	4.15	0.32
205	323	0	90	41.30	156.90	132.70	68.08	64.20	13.62	48.04	44.66	2.89	15.44	0.83	0.031	12.78	4.26	0.33
205	333	0	90	37.09	154.84	130.63	67.09	63.79	13.56	47.83	43.22	2.62	16.47	0.83	0.030	12.41	4.07	0.33
205	343	0	90	37.50	151.31	127.66	68.40	63.69	13.57	47.60	40.01	2.73	14.64	0.83	0.029	11.79	3.78	0.32
205	353	0	90	38.11	149.29	125.36	67.11	63.45	13.53	47.43	38.41	2.69	14.26	0.83	0.027	11.71	3.62	0.31
205	363	0	90	37.12	149.26	125.59	67.60	63.53	13.56	47.52	38.20	2.78	13.73	0.83	0.027	11.41	3.47	0.30
205	373	0	90	39.64	151.32	127.87	67.71	63.46	13.55	47.47	40.40	2.92	13.85	0.83	0.029	10.11	3.41	0.34
205	383	0	90	38.09	151.14	127.34	67.17	63.66	13.61	47.32	40.16	2.63	15.26	0.83	0.028	10.28	3.19	0.31
205	393	0	90	40.83	151.46	128.49	69.29	63.62	13.60	47.29	40.55	2.89	14.05	0.83	0.030	8.78	3.07	0.35
205	403	0	90	39.22	150.32	127.14	67.93	63.27	13.52	47.06	39.99	2.83	14.13	0.83	0.028	8.72	2.86	0.33
205	413	0	90	34.83	147.80	124.61	66.69	62.84	13.44	46.68	38.28	2.67	14.36	0.83	0.027	8.44	2.65	0.31
205	423	0	90	38.24	148.40	125.34	66.44	62.57	13.36	46.67	39.16	2.70	14.53	0.83	0.027	8.26	2.60	0.31
215	423	0	90	36.86	147.79	124.69	66.62	62.41	13.32	46.47	38.91	2.70	14.43	0.83	0.026	7.94	2.58	0.33
215	413	0	90	38.38	147.90	124.82	67.11	62.64	13.37	46.54	38.72	2.67	14.52	0.83	0.027	8.96	2.67	0.30
215	403	0	90	36.77	149.56	126.52	67.57	63.03	13.45	46.86	39.68	2.73	14.56	0.83	0.028	8.90	2.84	0.32
215	393	0	90	36.83	148.92	125.41	66.85	63.09	13.48	46.95	38.88	2.75	14.15	0.83	0.027	9.12	2.98	0.33
215	383	0	90	41.12	149.13	126.20	68.66	63.31	13.51	47.20	38.62	2.96	13.06	0.83	0.029	9.31	3.11	0.33
215	373	0	90	39.14	149.13	125.63	67.23	63.21	13.49	47.13	38.78	2.82	13.75	0.83	0.028	10.10	3.31	0.33
215	363	0	90	39.45	149.83	126.64	67.56	63.31	13.48	47.25	39.27	2.88	13.65	0.83	0.029	10.31	3.50	0.34
215	353	0	90	37.01	149.07	125.47	67.44	63.49	13.52	47.17	38.42	2.69	14.30	0.83	0.028	12.60	3.58	0.28
215	343	0	90	38.06	150.32	126.42	66.88	63.71	13.55	47.36	39.25	2.79	14.09	0.83	0.028	12.10	3.63	0.30
215	333	0	90	39.84	152.08	128.38	67.88	63.66	13.51	47.44	40.98	2.69	15.24	0.83	0.029	12.13	3.77	0.31
215	323	0	90	37.56	152.73	128.72	67.62	63.83	13.52	47.60	41.30	2.84	14.55	0.83	0.029	12.35	3.77	0.31
215	313	0	90	43.22	153.18	129.28	68.38	64.19	13.61	47.59	41.40	2.86	14.47	0.83	0.029	12.22	3.88	0.32
215	303	0	90	40.31	152.43	128.76	69.48	64.40	13.65	47.53	40.50	2.83	14.30	0.83	0.029	11.56	3.74	0.32
215	293	0	90	39.44	152.70	128.46	68.05	64.51	13.66	47.46	40.73	2.68	15.18	0.83	0.029	11.55	3.76	0.33
215	283	0	90	39.71	153.56	129.80	69.10	64.61	13.66	47.41	41.54	2.85	14.56	0.83	0.030	11.23	3.80	0.34
215	273	0	90	41.18	153.35	129.77	70.01	64.62	13.66	47.34	41.38	2.91	14.24	0.83	0.030	10.73	3.79	0.35
215	263	0	90	43.63	153.33	129.94	70.23	64.72	13.68	47.18	41.43	2.98	13.90	0.83	0.031	10.60	3.81	0.36
215	253	0	90	43.25	151.31	127.81	69.93	64.65	13.69	46.91	39.74	2.90	13.71	0.83	0.030	10.76	3.68	0.34
215	243	0	90	37.97	149.22	125.72	68.43	64.13	13.60	46.35	38.74	2.72	14.22	0.83	0.029	10.76	3.43	0.32
215	233	0	90	36.09	147.59	124.07	67.30	63.58	13.48	45.93	38.08	2.44	15.59	0.83	0.027	11.24	3.30	0.29
215	223	0	90	40.15	146.93	124.07	67.97	63.19	13.39	45.61	38.12	2.68	14.23	0.83	0.028	11.70	3.30	0.28
215	213	0	90	38.16	144.61	121.57	66.66	62.76	13.31	45.17	36.67	2.64	13.88	0.83	0.027	10.68	3.21	0.30
215	203	0	90	37.16	143.89	120.79	66.28	62.65	13.33	44.83	36.42	2.37	15.36	0.83	0.026	11.38	3.11	0.27
215	193	0	90	37.35	145.34	122.09	65.78	62.74	13.35	44.79	37.81	2.56	14.77	0.83	0.027	9.67	3.06	0.32
215	183	0	90	38.32	148.49	125.65	67.49	62.90	13.40	44.82	40.77	2.53	16.13	0.83	0.028	10.77	3.06	0.28
215	173	0	90	41.14	147.89	125.11	68.10	63.10	13.47	44.82	39.97	2.74	14.58	0.83	0.028	9.16	2.83	0.31
215	163	0	90	35.68	145.66	122.48	66.88	63.10	13.48	44.61	37.94	2.33	16.28	0.83	0.026	9.24	2.58	0.28
215	153	0	90	39.14	145.64	122.64	66.99	63.08	13.48	44.49	38.06	2.53	15.06	0.83	0.026	8.55	2.48	0.29
215	143	0	90	40.64	146.40	123.82	68.35	63.00	13.46	44.36	39.05	2.61	14.98	0.83	0.028	8.25	2.55	0.31
225	143	0	90	39.48	146.35	123.97	67.69	62.76	13.38	44.38	39.21	2.55	15.37	0.83	0.028	8.06	2.52	0.31
225	153	0	90	38.06	148.17	125.17	67.15	63.08	13.47	44.58	40.51	2.51	16.13	0.83	0.028	8.79	2.48	0.28
225	163	0	90	38.26	149.10	126.43	68.28	63.05	13.46	44.68	41.37	2.44	16.94	0.83	0.028	9.00	2.60	0.29
225	173	0	90	38.68	149.76	126.69	66.64	62.88	13.41	44.79	42.08	2.48	16.98	0.83	0.028	9.86	2.85	0.29
225	183	0	90	39.05	151.34	128.25	67.35	62.86	13.37	44.99	43.49	2.68	16.25	0.83	0.029	10.77	3.19	0.30
225	193	0	90	38.75	148.27	125.44	67.69	62.83	13.34	44.98	40.46	2.61	15.48	0.83	0.028	10.37	3.22	0.31
225	203	0	90	35.51	146.08	122.99	66.65	62.89	13.36	45.05	38.14	2.55	14.97	0.83	0.028	11.52	3.24	0.28
225	213	0	90	38.27	146.51	123.35	67.55	63.20	13.39	45.27	38.03	2.73	13.93	0.83	0.028	10.55	3.36	0.32
225	223	0	90	37.90	147.91	124.53	67.99	63.61	13.48	45.70	38.60	2.61	14.80	0.83	0.028	11.58	3.34	0.29
225	233	0	90	37.75	149.21	125.71	68.59	64.20	13.60	46.09	38.92	2.62	14.84	0.83	0.028	10.68	3.32	0.31
225	243	0	90	36.24	148.79	125.22	69.21	64.51	13.64	46.41	37.86	2.52	15.03	0.83	0.028	11.11	3.30	0.30
225	253	0	90	38.37	150.18	126.57	70.10	64.98	13.73	47.04	38.16	2.78	13.71	0.83	0.028	9.96	3.44	0.34
225	263	0	90	38.79	152.54	128.73	70.03	65.15	13.74	47.31	40.08	2.75	14.56	0.83	0.029	11.98	3.67	0.31
225	273	0	90	42.66	153.28	129.36	69.34	64.92	13.69	47.36	41.00	3.00	13.67	0.83	0.029	11.07	3.69	0.33
225	283	0	90	38.14	153.27	129.16	68.15	64.47	13.58	47.35	41.45	2.66	15.57	0.83	0.029	11.91	3.65	0.31
225	293	0	90	42.65	152.80	128.69	68.64	64.65	13.64	47.35	40.80	2.82	14.49	0.83	0.029	11.56	3.64	0.31
225	303	0	90	39.15	151.89	128.06	68.79	64.46	13.62	47.37	40.05	2.77	14.44	0.83	0.029	11.31	3.64	0.32
225	313	0	90	41.54	151.36	127.87	68.54	63.94	13.50	47.44	39.98	2.86	13.98	0.83	0.029	10.91	3.64	0.33
225	323	0	90	37.43	149.74	126.63	68.93	63.41	13.38	47.38	38.95	2.79	13.94	0.83	0.029	11.29	3.48	0.31
225	333	0	90	41.17	149.65	126.35	67.34	63.17	13.36	47.26	39.22	2.83	13.87	0.83	0.029	10.76	3.47	0.32
225	343	0	90	38.29	148.71	125.62	68.35	63.31	13.42	47.23	38.18	2.68	14.23	0.83	0.028	10.67	3.40	0.32
225	353	0	90	37.99	148.36	124.88	67.39	63.24	13.44	47.12	38.00	2.72	13.98	0.83	0.027	10.38	3.37	0.32
225	363	0	90	33.84	148.27	124.36	65.55	62.86	13.37	47.00	38.41	2.54	15.11	0.83	0.027	10.82	3.32	0.31
225	373	0	90	38.81	147.30	123.88	66.44	62.79	13.36	46.97	37.54	2.96	12.69	0.83	0.028	9.20	3.20	0.35
225	383	0	90	38.18	147.20	124.09	66.91	62.65	13.35	46.84	37.71	2.70	13.99	0.83	0.027	9.70	3.08	0.32
225	393	0	90	38.05	147.89	124.77	66.60	62.68	13.35	46.65	38.56	2.79	13.81	0.83	0.028	8.89	2.98	0.33
225	403	0	90	34.53	148.64	125.35	66.45	62.54	13.34	46.46	39.63	2.65	14.96	0.83	0.027	9.29	2.83	0.30
225	413	0	90	39.35	148.56	125.87	67.07	62.30	13.27	46.41	39.85	2.81	14.19	0.83	0.028	8.05	2.72	0.34
225	423	0	90	37.64	147.81	124.92	66.22	61.99	13.19	46.18	39.65	2.60	15.25	0.83	0.027	8.54	2.63	0.31
235	423	0	90	35.71	147.38	124.49	64.76	61.24	13.02	45.96	40.18	2.66	15.11	0.83	0.027	8.41	2.72	0.32
235	413	0	90	40.09	149.83	127.34	66.92	61.75	13.12	46.24	41.84	2.78	15.03	0.83	0.028	9.03	2.87	0.32
235	403	0	90	33.09	149.15	125.84	65.53	62.05	13.22	46.31	40.79	2.63	15.49	0.83	0.027	9.98	2.94	0.29
235	393	0	90	40.84	147.94	125.06	66.56	62.34	13.26	46.50	39.10	2.84	13.75	0.83	0.028	9.28	2.97	0.32
235	383	0	90	37.19	146.90	124.05	67.51	62.41	13.28	46.60	37.89	2.76	13.71	0.83	0.028	8.86	3.09	0.35
235	373	0	90	35.73	146.40	123.44	66.47	62.33	13.24	46.63	37.43	2.79	13.41	0.83	0.028	9.56	3.17	0.33
235	363	0	90	35.27	147.48	124.00	65.54	62.40	13.24	46.76	38.31	2.66	14.39	0.83	0.027	11.11	3.28	0.30
235	353	0	90	38.56	146.17	122.86	66.37	62.47	13.24	46.73	36.97	2.62	14.13	0.83	0.027	10.12	3.21	0.32
235	343	0	90	40.28	147.03	124.01	66.97	62.54	13.22	46.83	37.66	2.82	13.37	0.83	0.028	9.54	3.26	0.34
235	333	0	90	34.62	147.06	123.85	66.31	62.31	13.15	46.80	37.94	2.68	14.16	0.83	0.027	10.09	3.30	0.33
235	323	0	90	40.29	147.45	124.21	66.83	62.68	13.20	46.94	37.84	2.73	13.86	0.83	0.028	11.45	3.40	0.30
235	313	0	90	39.37	148.64	125.04	67.62	63.49	13.37	46.96	38.18	2.76	13.83	0.83	0.028	10.25	3.34	0.33
235	303	0	90	40.25	149.91	126.43	69.19	64.22	13.52	47.12	38.57	2.83	13.64	0.83	0.029	9.70	3.42	0.35
235	293	0	90	39.40	151.29	127.27	68.20	64.53	13.58	47.20	39.55	2.67	14.80	0.83	0.028	11.26	3.48	0.31
235	283	0	90	39.24	152.43	128.42	68.95	64.62	13.58	47.20	40.60	2.68	15.14	0.83	0.029	11.10	3.55	0.32
235	273	0	90	37.03	151.98	127.79	68.88	64.96	13.65	47.19	39.83	2.65	15.04	0.83	0.028	11.69	3.54	0.30
235	263	0	90	41.50	150.05	126.20	68.98	64.92	13.67	47.08	38.04	2.87	13.25	0.83	0.028	10.19	3.48	0.34
235	253	0	90	41.28	148.98	125.37	69.52	64.83	13.65	46.80	37.34	2.64	14.14	0.83	0.028	10.40	3.34	0.32
235	243	0	90	39.20	148.26	124.86	68.91	64.21	13.56	46.33	37.72	2.72	13.86	0.83	0.028	10.77	3.35	0.31
235	233	0	90	39.54	149.63	126.31	67.99	63.83	13.50	45.88	39.92	2.60	15.37	0.83	0.029	10.94	3.43	0.31
235	223	0	90	38.52	149.05	125.73	67.17	63.22	13.39	45.50	40.33	2.64	15.30	0.83	0.028	12.34	3.48	0.28
235	213	0	90	38.13	147.18	123.96	66.89	62.83	13.30	45.08	39.27	2.46	15.95	0.83	0.028	11.88	3.40	0.29
235	203	0	90	37.75	147.84	124.70	66.27	62.57	13.27	44.96	40.31	2.59	15.58	0.83	0.028	11.30	3.38	0.30
235	193	0	90	42.15	150.16	127.67	68.12	62.52	13.26	45.00	42.64	2.70	15.81	0.83	0.029	10.64	3.29	0.31
235	183	0	90	39.30	151.05	128.03	66.52	62.44	13.26	44.82	43.79	2.60	16.87	0.83	0.029	10.23	3.13	0.31
235	173	0	90	40.90	148.36	125.31	66.59	62.74	13.36	44.73	40.89	2.69	15.21	0.83	0.028	8.91	2.88	0.32
235	163	0	90	35.95	147.89	124.88	66.54	62.65	13.35	44.47	40.77	2.45	16.67	0.83	0.027	9.11	2.69	0.30
235	153	0	90	39.25	147.34	124.72	67.04	62.66	13.34	44.32	40.36	2.48	16.26	0.83	0.028	7.83	2.53	0.32
235	143	0	90	38.01	145.78	123.15	66.25	62.07	13.22	44.15	39.57	2.56	15.44	0.83	0.027	8.80	2.49	0.28
245	143	0	90	35.92	144.78	122.11	65.30	61.60	13.12	43.94	39.24	2.40	16.37	0.83	0.027	9.37	2.52	0.27
245	153	0	90	38.25	145.52	122.95	66.49	62.12	13.23	44.11	39.29	2.46	15.98	0.83	0.027	9.06	2.57	0.28
245	163	0	90	40.40	149.19	126.48	66.86	62.32	13.26	44.34	42.53	2.36	18.00	0.83	0.029	10.17	2.82	0.28
245	173	0	90	40.66	149.77	127.21	67.34	62.21	13.23	44.47	43.10	2.70	15.95	0.83	0.029	10.13	3.00	0.30
245	183	0	90	40.65	151.91	129.23	66.70	61.99	13.15	44.64	45.29	2.63	17.24	0.83	0.030	10.82	3.16	0.29
245	193	0	90	40.22	149.83	126.86	66.11	62.04	13.16	44.79	43.00	2.50	17.23	0.84	0.029	11.14	3.23	0.29
245	203	0	90	37.90	147.67	124.92	67.43	62.43	13.20	44.93	40.31	2.60	15.52	0.83	0.029	10.40	3.32	0.32
245	213	0	90	38.28	148.07	125.01	66.97	62.75	13.28	45.09	40.22	2.43	16.53	0.83	0.028	10.94	3.39	0.31
245	223	0	90	38.49	149.92	126.81	68.16	63.18	13.35	45.53	41.22	2.62	15.76	0.83	0.029	12.27	3.47	0.28
245	233	0	90	39.35	149.66	126.25	68.24	63.74	13.45	45.98	39.93	2.72	14.68	0.83	0.028	10.49	3.41	0.33
245	243	0	90	39.65	148.65	125.13	69.02	64.49	13.59	46.49	37.66	2.81	13.38	0.83	0.028	10.51	3.37	0.32
245	253	0	90	37.96	149.04	125.01	68.75	64.99	13.67	46.83	37.22	2.71	13.73	0.83	0.028	10.94	3.40	0.31
245	263	0	90	39.87	150.49	126.61	69.48	65.22	13.69	47.16	38.11	2.76	13.83	0.83	0.028	11.18	3.51	0.31
245	273	0	90	39.86	151.72	127.99	70.18	65.17	13.67	47.30	39.25	2.79	14.08	0.83	0.029	11.25	3.51	0.31
245	283	0	90	40.29	150.58	126.60	68.54	64.81	13.59	47.21	38.57	2.66	14.48	0.83	0.028	10.72	3.41	0.32
245	293	0	90	37.32	147.78	124.12	68.97	64.36	13.51	47.05	36.37	2.73	13.34	0.83	0.027	10.05	3.23	0.32
245	303	0	90	39.14	146.87	123.56	68.40	63.84	13.42	46.81	36.22	2.85	12.71	0.82	0.028	9.71	3.18	0.33
245	313	0	90	36.99	144.96	121.50	66.61	62.95	13.23	46.52	35.50	2.72	13.06	0.83	0.026	9.69	3.10	0.32
245	323	0	90	34.97	144.37	121.60	67.02	62.12	13.05	46.38	35.86	2.72	13.19	0.83	0.026	10.50	3.19	0.30
245	333	0	90	37.69	144.62	121.95	66.47	61.73	12.99	46.41	36.48	2.84	12.83	0.83	0.027	9.62	3.21	0.33
245	343	0	90	39.20	145.67	122.60	65.27	61.60	12.98	46.44	37.63	2.65	14.21	0.83	0.027	10.94	3.19	0.29
245	353	0	90	38.52	146.21	123.36	66.17	61.77	13.05	46.38	38.06	2.63	14.48	0.83	0.027	9.53	3.17	0.33
245	363	0	90	37.35	146.91	124.05	66.49	62.04	13.13	46.38	38.48	2.70	14.24	0.83	0.028	9.70	3.16	0.33
245	373	0	90	39.58	145.56	122.91	66.20	61.92	13.13	46.28	37.36	2.84	13.17	0.83	0.028	8.99	3.07	0.34
245	383	0	90	37.68	146.57	123.66	66.22	61.95	13.14	46.09	38.53	2.63	14.63	0.83	0.027	10.63	3.06	0.29
245	393	0	90	37.48	147.50	124.70	66.40	62.01	13.16	46.09	39.40	2.81	14.02	0.83	0.028	9.55	3.03	0.32
245	403	0	90	38.11	149.22	126.49	66.20	61.70	13.09	45.99	41.54	2.71	15.31	0.83	0.029	8.93	3.00	0.34
245	413	0	90	37.99	148.80	126.40	66.20	61.24	13.00	45.86	41.70	2.53	16.50	0.83	0.028	9.57	2.91	0.30
245	423	0	90	37.94	146.66	124.24	65.61	61.06	12.95	45.68	39.93	2.55	15.68	0.83	0.027	9.03	2.80	0.31
255	423	0	90	39.12	147.05	124.40	65.44	61.27	12.99	45.29	40.49	2.57	15.75	0.83	0.028	9.87	2.98	0.30
255	413	0	90	41.13	148.70	126.11	65.60	61.11	12.97	45.34	42.25	2.78	15.19	0.83	0.029	9.46	3.12	0.33
255	403	0	90	35.83	148.03	124.94	64.09	61.28	13.01	45.28	41.47	2.45	16.92	0.84	0.027	10.74	3.10	0.29
255	393	0	90	38.83	147.09	124.34	66.22	61.75	13.11	45.59	39.75	2.68	14.86	0.83	0.028	10.34	3.02	0.29
255	383	0	90	39.08	146.15	123.27	65.21	61.66	13.08	45.70	38.79	2.65	14.63	0.83	0.028	9.39	3.06	0.33
255	373	0	90	38.05	144.85	122.14	65.73	61.51	13.03	45.70	37.65	2.73	13.77	0.83	0.027	9.17	3.05	0.33
255	363	0	90	40.44	146.13	123.74	66.77	61.55	13.00	45.87	38.70	2.79	13.88	0.83	0.028	9.95	3.10	0.31
255	353	0	90	37.63	144.96	122.17	65.34	61.30	12.94	45.79	37.87	2.62	14.48	0.83	0.027	10.39	3.11	0.30
255	343	0	90	35.93	142.87	120.24	65.06	61.01	12.84	45.73	36.12	2.68	13.48	0.83	0.026	9.33	3.08	0.33
255	333	0	90	37.76	141.90	119.34	65.23	60.96	12.80	45.69	35.24	2.56	13.76	0.83	0.026	10.11	3.14	0.31
255	323	0	90	36.98	142.63	119.74	65.16	61.45	12.90	45.76	35.41	2.72	13.04	0.83	0.026	10.83	3.15	0.29
255	313	0	90	39.35	144.22	121.40	66.80	62.15	13.04	45.95	36.12	2.61	13.85	0.83	0.027	9.99	3.21	0.32
255	303	0	90	39.34	145.12	122.01	67.72	62.92	13.19	46.15	36.05	2.77	13.01	0.83	0.027	10.68	3.24	0.30
255	293	0	90	38.00	146.97	123.63	68.05	63.71	13.36	46.48	36.77	2.76	13.34	0.83	0.027	11.00	3.31	0.30
255	283	0	90	37.97	148.67	124.98	68.27	64.16	13.43	46.70	37.80	2.78	13.62	0.83	0.028	9.88	3.40	0.34
255	273	0	90	39.95	149.76	126.14	68.74	64.52	13.50	46.79	38.45	2.83	13.60	0.83	0.029	10.97	3.49	0.32
255	263	0	90	39.65	151.12	127.20	68.79	64.62	13.54	46.73	39.77	2.58	15.39	0.83	0.029	12.22	3.65	0.30
255	253	0	90	39.72	151.07	127.43	68.75	64.44	13.53	46.51	40.12	2.80	14.32	0.83	0.029	10.39	3.69	0.35
255	243	0	90	39.31	148.54	125.15	68.81	63.94	13.44	46.12	38.48	2.67	14.39	0.83	0.028	10.96	3.54	0.32
255	233	0	90	37.75	147.34	123.86	66.51	63.04	13.27	45.62	38.67	2.45	15.76	0.83	0.027	11.94	3.47	0.29
255	223	0	90	38.94	147.73	124.65	66.25	62.19	13.12	45.10	40.44	2.59	15.61	0.83	0.028	11.62	3.49	0.30
255	213	0	90	37.71	145.86	122.71	64.75	61.75	13.04	44.58	39.53	2.45	16.11	0.83	0.027	11.71	3.41	0.29
255	203	0	90	36.12	145.11	122.06	64.98	61.78	13.07	44.35	38.97	2.55	15.29	0.83	0.027	10.77	3.30	0.31
255	193	0	90	36.64	145.62	123.09	66.30	61.81	13.09	44.32	39.49	2.49	15.88	0.83	0.028	11.28	3.15	0.28
255	183	0	90	36.90	146.09	123.29	65.78	61.76	13.10	44.14	40.20	2.41	16.68	0.83	0.027	10.28	3.02	0.29
255	173	0	90	37.12	147.35	124.84	65.88	61.54	13.05	44.10	41.71	2.44	17.13	0.83	0.028	11.10	2.97	0.27
255	163	0	90	37.98	147.32	124.74	65.48	61.37	13.04	43.98	41.97	2.59	16.23	0.83	0.028	10.13	2.82	0.28
255	153	0	90	38.97	145.54	122.95	64.83	61.34	13.05	43.79	40.42	2.49	16.25	0.83	0.027	9.86	2.73	0.28
255	143	0	90	39.55	145.37	122.92	64.94	61.30	13.03	43.73	40.34	2.63	15.35	0.83	0.027	8.04	2.65	0.33
265	143	0	90	38.07	146.57	124.39	65.64	61.06	12.98	43.46	42.05	2.51	16.76	0.83	0.028	9.51	2.76	0.29
265	153	0	90	35.65	145.38	122.79	65.12	61.19	13.00	43.54	40.64	2.37	17.12	0.83	0.027	9.11	2.79	0.31
265	163	0	90	35.55	144.47	121.87	64.45	61.09	12.98	43.61	39.78	2.33	17.05	0.83	0.027	10.34	2.84	0.28
265	173	0	90	37.67	143.93	121.52	65.51	61.30	13.01	43.78	38.85	2.45	15.85	0.83	0.027	10.12	2.84	0.28
265	183	0	90	37.02	143.90	121.40	65.35	61.36	13.01	43.84	38.70	2.52	15.38	0.83	0.027	10.17	3.00	0.29
265	193	0	90	37.93	144.28	122.02	65.96	61.30	12.96	43.99	38.99	2.47	15.76	0.83	0.027	10.49	3.16	0.30
265	203	0	90	42.29	146.38	124.23	66.53	61.53	12.98	44.28	40.57	2.85	14.24	0.83	0.029	9.97	3.37	0.34
265	213	0	90	37.37	146.69	124.12	66.24	61.51	12.98	44.45	40.73	2.47	16.48	0.83	0.028	12.05	3.42	0.28
265	223	0	90	37.20	145.95	122.70	65.26	61.94	13.04	44.84	39.17	2.57	15.25	0.83	0.027	11.08	3.45	0.31
265	233	0	90	38.15	146.77	123.59	66.48	62.80	13.20	45.40	38.57	2.58	14.96	0.83	0.028	11.92	3.54	0.30
265	243	0	90	41.44	149.45	126.39	68.91	63.69	13.37	45.84	39.92	2.73	14.63	0.83	0.029	11.96	3.73	0.31
265	253	0	90	42.34	151.12	127.69	68.59	63.86	13.38	46.12	41.14	2.78	14.79	0.83	0.030	12.45	3.93	0.32
265	263	0	90	40.26	151.36	127.48	67.54	63.98	13.40	46.35	41.03	2.60	15.77	0.83	0.029	12.62	3.75	0.30
265	273	0	90	38.80	149.55	126.00	68.86	64.09	13.41	46.46	39.00	2.65	14.74	0.83	0.029	11.24	3.54	0.31
265	283	0	90	39.37	149.02	125.59	68.50	63.92	13.38	46.39	38.71	2.71	14.28	0.83	0.028	11.09	3.48	0.31
265	293	0	90	41.99	147.86	124.65	68.53	63.64	13.33	46.31	37.90	2.95	12.87	0.82	0.029	10.52	3.37	0.32
265	303	0	90	39.17	146.18	123.07	66.96	62.93	13.20	45.97	37.29	2.67	13.96	0.83	0.028	9.92	3.29	0.33
265	313	0	90	37.56	146.04	123.21	66.67	62.27	13.06	45.77	38.00	2.70	14.08	0.83	0.028	10.42	3.39	0.33
265	323	0	90	35.70	144.09	121.42	66.02	61.66	12.94	45.53	36.91	2.68	13.75	0.83	0.027	10.17	3.30	0.32
265	333	0	90	39.04	141.45	118.88	65.22	61.02	12.82	45.32	35.11	2.51	13.99	0.83	0.026	9.33	3.11	0.33
265	343	0	90	35.96	140.63	118.37	65.54	60.96	12.82	45.30	34.37	2.55	13.47	0.83	0.026	9.37	2.92	0.31
265	353	0	90	36.71	141.65	119.42	65.70	60.92	12.83	45.20	35.53	2.66	13.36	0.83	0.026	9.96	3.02	0.30
265	363	0	90	36.28	143.36	120.65	64.58	60.95	12.89	45.08	37.32	2.50	14.91	0.83	0.027	11.32	3.12	0.28
265	373	0	90	34.45	143.76	121.33	65.60	60.94	12.89	45.05	37.77	2.61	14.49	0.83	0.027	11.36	3.14	0.28
265	383	0	90	36.78	145.32	122.65	65.30	61.19	12.97	45.04	39.09	2.64	14.83	0.83	0.028	12.16	3.20	0.26
265	393	0	90	38.13	145.33	122.92	65.68	61.10	12.96	44.86	39.36	2.55	15.43	0.83	0.028	10.44	3.19	0.31
265	403	0	90	33.96	145.05	122.43	65.01	61.01	12.95	44.62	39.42	2.49	15.86	0.83	0.027	10.92	3.10	0.28
265	413	0	90	37.24	145.49	123.06	64.96	60.88	12.92	44.51	40.11	2.62	15.33	0.83	0.028	11.87	3.20	0.27
265	423	0	90	37.45	144.66	121.89	64.25	61.29	13.02	44.50	38.88	2.54	15.32	0.83	0.028	11.11	3.20	0.29
275	423	0	90	38.11	142.59	120.23	65.84	61.12	12.98	43.93	37.55	2.57	14.60	0.83	0.027	11.04	3.31	0.30
275	413	0	90	37.31	142.13	119.84	65.47	60.95	12.95	43.86	37.31	2.56	14.60	0.83	0.027	11.45	3.20	0.28
275	403	0	90	40.16	142.21	119.76	64.86	61.05	12.95	43.99	37.16	2.58	14.42	0.83	0.027	11.81	3.14	0.27
275	393	0	90	38.99	142.96	120.62	65.21	61.18	12.98	44.23	37.55	2.82	13.33	0.83	0.028	10.00	3.16	0.32
275	383	0	90	36.67	144.45	121.93	65.16	60.99	12.92	44.46	39.00	2.58	15.11	0.83	0.028	11.57	3.33	0.29
275	373	0	90	36.22	143.70	121.12	64.72	60.59	12.82	44.40	38.70	2.50	15.46	0.83	0.027	11.51	3.29	0.29
275	363	0	90	35.24	142.62	120.06	63.88	60.45	12.77	44.49	37.68	2.48	15.21	0.83	0.026	11.15	3.24	0.29
275	353	0	90	37.81	141.22	119.09	65.36	60.81	12.80	44.70	35.71	2.67	13.38	0.83	0.027	10.62	3.04	0.29
275	343	0	90	34.55	140.93	118.15	64.57	61.17	12.87	44.86	34.91	2.36	14.82	0.83	0.025	10.63	2.99	0.28
275	333	0	90	35.56	142.00	119.16	64.74	61.37	12.88	45.06	35.57	2.40	14.81	0.83	0.026	10.92	3.12	0.29
275	323	0	90	38.60	144.75	121.90	66.03	61.81	12.96	45.19	37.76	2.60	14.53	0.83	0.027	11.22	3.38	0.30
275	313	0	90	40.86	146.04	123.16	66.75	62.32	13.07	45.31	38.42	2.84	13.54	0.83	0.028	9.94	3.40	0.34
275	303	0	90	37.10	145.92	122.69	66.59	62.75	13.14	45.40	37.77	2.47	15.30	0.83	0.027	11.30	3.37	0.30
275	293	0	90	38.73	147.28	124.15	67.90	63.29	13.26	45.58	38.41	2.75	13.96	0.83	0.028	9.84	3.49	0.35
275	283	0	90	38.14	147.38	124.22	68.54	63.59	13.33	45.63	38.16	2.57	14.86	0.83	0.028	11.60	3.54	0.31
275	273	0	90	39.41	148.44	125.21	68.51	63.70	13.32	45.71	39.03	2.63	14.83	0.83	0.029	10.98	3.64	0.33
275	263	0	90	42.34	150.95	127.60	68.18	63.49	13.28	45.63	41.83	2.77	15.12	0.83	0.030	12.71	3.90	0.31
275	253	0	90	37.14	148.62	125.19	66.95	62.93	13.19	45.18	40.52	2.41	16.83	0.83	0.028	13.15	3.93	0.30
275	243	0	90	39.63	147.76	124.66	67.42	62.74	13.15	44.98	40.04	2.57	15.57	0.83	0.029	12.80	3.87	0.30
275	233	0	90	39.87	145.21	122.43	67.01	62.34	13.10	44.62	38.25	2.56	14.95	0.83	0.028	12.72	3.66	0.29
275	223	0	90	40.57	144.45	122.00	66.02	61.40	12.92	44.08	38.97	2.64	14.75	0.83	0.028	11.33	3.57	0.32
275	213	0	90	36.75	144.79	122.08	64.24	60.76	12.81	43.71	40.32	2.45	16.48	0.84	0.027	11.94	3.55	0.30
275	203	0	90	38.39	144.58	122.46	65.03	60.47	12.76	43.49	40.61	2.53	16.07	0.83	0.028	11.86	3.45	0.29
275	193	0	90	37.90	143.81	121.86	65.23	60.49	12.79	43.37	39.96	2.59	15.46	0.83	0.028	11.05	3.31	0.30
275	183	0	90	39.60	142.40	120.15	64.97	60.87	12.88	43.32	38.21	2.47	15.48	0.83	0.027	10.59	3.02	0.28
275	173	0	90	38.06	142.56	120.25	64.96	60.95	12.93	43.38	38.23	2.53	15.12	0.83	0.027	9.88	2.82	0.29
275	163	0	90	37.32	143.46	121.18	64.89	60.91	12.93	43.33	39.22	2.37	16.53	0.83	0.027	9.54	2.82	0.30
275	153	0	90	37.04	144.76	122.24	64.37	60.84	12.93	43.23	40.69	2.48	16.40	0.83	0.027	9.99	2.83	0.28
275	143	0	90	36.41	145.72	123.34	64.60	60.80	12.90	43.03	41.89	2.30	18.18	0.83	0.028	10.54	2.78	0.26
285	143	0	90	38.83	144.22	122.40	64.82	60.20	12.77	42.67	41.36	2.55	16.22	0.83	0.028	9.39	2.77	0.29
285	153	0	90	37.95	143.77	121.66	64.30	60.27	12.80	42.67	40.82	2.39	17.06	0.83	0.027	10.06	2.85	0.28
285	163	0	90	38.54	142.12	120.13	64.92	60.42	12.82	42.77	38.93	2.58	15.06	0.83	0.027	9.90	2.80	0.28
285	173	0	90	35.67	139.63	117.58	63.94	60.05	12.74	42.66	36.93	2.30	16.05	0.83	0.026	10.58	2.76	0.26
285	183	0	90	38.08	140.30	118.42	64.66	60.02	12.70	42.66	37.62	2.31	16.27	0.83	0.027	11.61	3.03	0.26
285	193	0	90	33.25	141.81	119.77	64.00	59.90	12.68	42.69	39.22	2.23	17.58	0.84	0.027	12.42	3.27	0.26
285	203	0	90	35.49	141.38	119.12	63.07	59.82	12.64	42.78	38.78	2.22	17.43	0.83	0.026	13.00	3.34	0.26
285	213	0	90	36.07	143.09	121.10	64.86	60.23	12.69	43.08	39.78	2.44	16.31	0.83	0.028	12.99	3.67	0.28
285	223	0	90	38.54	143.21	120.95	65.94	61.11	12.86	43.49	38.60	2.59	14.91	0.83	0.028	11.63	3.66	0.32
285	233	0	90	36.54	141.67	119.00	65.31	61.54	12.95	43.76	36.37	2.38	15.26	0.83	0.026	12.44	3.52	0.28
285	243	0	90	40.25	144.98	122.40	65.93	61.67	12.96	44.04	39.27	2.60	15.09	0.83	0.029	12.59	3.86	0.31
285	253	0	90	37.85	146.04	123.02	66.19	62.11	13.03	44.22	39.70	2.56	15.49	0.83	0.028	12.25	3.90	0.32
285	263	0	90	36.57	148.03	124.68	66.20	62.65	13.14	44.58	40.80	2.53	16.14	0.83	0.028	14.47	3.93	0.27
285	273	0	90	39.24	145.59	122.49	67.12	62.89	13.19	44.67	38.03	2.59	14.66	0.83	0.028	12.53	3.75	0.30
285	283	0	90	35.59	144.70	121.40	66.03	62.89	13.19	44.62	37.19	2.38	15.63	0.83	0.027	12.98	3.59	0.28
285	293	0	90	37.54	146.64	123.26	65.59	62.50	13.10	44.64	39.50	2.47	16.01	0.83	0.028	11.90	3.63	0.30
285	303	0	90	39.54	145.76	122.90	66.03	62.15	13.04	44.66	38.95	2.63	14.81	0.83	0.028	11.61	3.51	0.30
285	313	0	90	36.12	145.29	121.95	64.59	61.89	13.00	44.56	38.84	2.44	15.89	0.83	0.027	12.15	3.50	0.29
285	323	0	90	36.26	144.65	121.69	65.00	61.58	12.93	44.60	38.47	2.49	15.46	0.83	0.027	11.34	3.45	0.30
285	333	0	90	36.80	142.63	120.23	66.84	61.78	12.97	44.63	36.22	2.57	14.12	0.83	0.027	10.00	3.21	0.32
285	343	0	90	34.26	140.60	117.96	65.18	61.33	12.91	44.37	34.90	2.49	14.00	0.83	0.026	10.38	3.06	0.30
285	353	0	90	39.75	140.68	118.26	64.65	60.91	12.84	44.17	35.60	2.50	14.23	0.83	0.026	10.75	3.15	0.29
285	363	0	90	34.04	141.66	119.40	65.09	60.51	12.77	43.97	37.18	2.39	15.53	0.83	0.026	12.08	3.32	0.27
285	373	0	90	36.09	143.14	120.54	64.48	60.73	12.84	43.80	38.61	2.50	15.44	0.83	0.027	11.41	3.37	0.30
285	383	0	90	38.40	142.97	120.55	65.44	61.11	12.95	43.77	38.10	2.54	14.98	0.83	0.027	11.74	3.37	0.29
285	393	0	90	35.61	141.48	119.16	65.33	61.12	12.98	43.49	36.86	2.43	15.18	0.83	0.027	11.53	3.19	0.28
285	403	0	90	36.43	141.48	118.84	64.08	61.07	12.97	43.28	37.13	2.47	15.03	0.83	0.026	11.22	3.25	0.29
285	413	0	90	37.27	140.74	118.47	64.92	60.76	12.90	43.27	36.72	2.41	15.25	0.83	0.027	10.98	3.26	0.30
285	423	0	90	38.28	140.98	118.95	65.60	60.84	12.91	43.35	36.79	2.52	14.59	0.83	0.027	10.80	3.36	0.31
