Cordonnées 				Energie	Flux de photons	Efficience YPF	UVA-BLEU :	BLEU élargi	BLEU strict	VERT	ROUGE CLAIR	ROUGE SOMBRE	RC/RS	PHI =	TETA =	ZETA =	RC	RS 
X	Y	Azimut	Elévation	300-1100 nm	400-700 nm	(yield photon flux)	350-500 nm	400-500 nm	445-455 nm	500-600 nm	600-700 nm	700-800 nm	600-700 /700-800 nm		(Sager et al. 1988)	655-665/725-735 nm	655-665 nm	725-735 nm
0	0	0	90	25.77	93.07	79.94	38.95	36.03	7.68	25.47	31.57	1.54	20.55	0.84	0.019	10.83	1.86	0.17
0	20	0	90	24.21	98.97	84.44	42.02	39.22	8.36	27.73	32.03	1.55	20.71	0.84	0.020	10.13	1.89	0.19
0	40	0	90	25.22	105.36	89.70	45.25	42.45	9.06	29.99	32.92	1.74	18.97	0.84	0.021	10.28	1.93	0.19
0	60	0	90	28.82	110.07	93.51	49.12	45.60	9.75	32.22	32.26	1.93	16.70	0.83	0.022	9.80	2.02	0.21
0	80	0	90	35.10	116.11	98.42	50.92	48.21	10.28	33.90	34.00	1.87	18.16	0.83	0.023	9.13	2.22	0.24
0	100	0	90	30.53	119.12	100.95	54.12	50.11	10.71	35.25	33.76	2.02	16.71	0.83	0.023	9.33	2.21	0.24
0	120	0	90	35.00	121.93	103.66	55.36	50.88	10.84	36.05	35.00	2.24	15.66	0.83	0.024	11.06	2.33	0.21
0	140	0	90	33.23	122.23	103.51	54.68	51.05	10.87	36.26	34.91	2.09	16.73	0.83	0.024	11.03	2.50	0.23
0	160	0	90	32.02	122.34	103.68	54.70	51.05	10.85	36.57	34.72	2.09	16.58	0.83	0.024	9.62	2.66	0.28
0	180	0	90	34.23	125.32	106.24	55.46	51.64	10.97	37.16	36.53	2.19	16.70	0.84	0.025	11.73	3.07	0.26
0	200	0	90	36.22	127.47	107.99	56.33	52.36	11.12	37.51	37.60	2.15	17.51	0.84	0.025	13.48	3.45	0.26
0	220	0	90	33.97	129.40	110.17	56.10	52.13	11.08	37.69	39.58	2.16	18.35	0.84	0.026	14.14	3.76	0.27
0	240	0	90	31.84	129.25	109.73	55.22	51.89	11.05	37.78	39.58	2.26	17.49	0.84	0.026	14.69	3.89	0.26
0	260	0	90	31.46	129.63	109.72	55.33	52.28	11.15	38.11	39.24	2.06	19.05	0.84	0.026	15.96	4.12	0.26
0	280	0	90	33.98	130.51	110.70	56.76	52.85	11.26	38.84	38.82	2.40	16.16	0.84	0.027	15.57	4.11	0.26
0	300	0	90	32.99	130.52	110.42	57.00	53.23	11.34	39.45	37.84	2.26	16.76	0.84	0.026	14.97	3.77	0.25
0	320	0	90	35.04	131.93	112.16	57.96	53.47	11.38	39.81	38.65	2.40	16.07	0.83	0.027	13.30	3.81	0.29
0	340	0	90	35.56	130.16	110.38	57.83	53.36	11.38	39.69	37.11	2.46	15.06	0.83	0.026	12.66	3.57	0.28
0	360	0	90	34.20	128.28	108.83	56.54	52.76	11.28	39.47	36.05	2.39	15.06	0.83	0.026	11.64	3.11	0.27
0	380	0	90	31.78	127.84	108.63	56.70	52.34	11.18	39.27	36.22	2.30	15.72	0.83	0.025	10.14	2.82	0.28
0	400	0	90	28.77	126.98	107.08	54.27	51.86	11.11	38.97	36.15	2.08	17.35	0.84	0.023	10.13	2.68	0.26
0	420	0	90	33.37	124.91	105.55	54.39	51.65	11.03	38.67	34.58	2.34	14.80	0.83	0.023	9.03	2.45	0.27
0	440	0	90	32.34	123.50	104.37	54.10	51.09	10.93	38.21	34.20	2.35	14.53	0.83	0.023	8.26	2.20	0.27
0	460	0	90	32.28	120.79	102.47	53.59	49.93	10.68	37.36	33.50	2.50	13.39	0.83	0.023	7.36	2.06	0.28
0	480	0	90	31.61	117.90	99.90	52.68	49.05	10.51	36.57	32.28	2.19	14.72	0.83	0.022	7.68	1.98	0.26
0	500	0	90	28.60	113.40	95.80	50.42	47.44	10.16	35.27	30.69	2.09	14.71	0.83	0.021	7.46	1.92	0.26
0	520	0	90	27.12	107.28	91.04	48.48	44.61	9.56	33.31	29.36	2.00	14.68	0.83	0.020	7.98	1.82	0.23
0	540	0	90	24.72	101.02	85.94	44.09	40.96	8.75	30.72	29.33	1.85	15.88	0.84	0.019	8.17	1.82	0.22
0	560	0	90	22.92	92.23	78.40	39.11	36.88	7.86	27.83	27.51	1.63	16.84	0.84	0.018	8.91	1.67	0.19
0	580	0	90	21.75	80.74	68.58	35.00	32.87	7.00	24.90	22.98	1.54	14.88	0.83	0.016	7.43	1.36	0.18
0	600	0	90	18.02	69.64	58.90	30.88	28.95	6.18	21.96	18.73	1.27	14.80	0.83	0.013	7.28	1.13	0.15
0	620	0	90	14.84	59.24	49.90	26.94	25.21	5.39	19.11	14.92	1.14	13.08	0.83	0.011	7.42	0.95	0.13
0	640	0	90	14.00	51.17	43.22	23.10	21.59	4.61	16.43	13.14	1.01	13.07	0.83	0.010	6.98	0.84	0.12
0	660	0	90	11.34	41.98	35.49	19.16	17.72	3.78	13.77	10.49	0.81	13.02	0.82	0.008	7.40	0.69	0.09
0	680	0	90	7.97	33.56	28.22	15.28	14.37	3.07	11.26	7.93	0.66	11.96	0.82	0.006	6.68	0.53	0.08
0	700	0	90	7.22	26.42	22.31	12.35	11.33	2.42	9.11	5.97	0.57	10.54	0.82	0.005	6.62	0.42	0.06
20	700	0	90	7.46	27.14	22.84	12.52	11.64	2.48	9.45	6.04	0.62	9.68	0.81	0.005	5.84	0.43	0.07
20	680	0	90	8.45	34.77	29.17	15.64	14.90	3.19	11.77	8.10	0.66	12.30	0.82	0.006	6.87	0.56	0.08
20	660	0	90	11.94	44.38	37.57	20.08	18.58	3.97	14.44	11.36	0.90	12.57	0.83	0.008	7.34	0.73	0.10
20	640	0	90	15.51	53.89	45.62	24.25	22.55	4.84	17.26	14.07	1.10	12.79	0.83	0.010	7.21	0.88	0.12
20	620	0	90	18.30	64.22	54.47	28.76	26.58	5.68	20.30	17.34	1.32	13.10	0.83	0.012	7.49	1.05	0.14
20	600	0	90	20.06	74.82	63.53	33.01	30.83	6.58	23.33	20.67	1.38	15.00	0.83	0.014	7.08	1.24	0.18
20	580	0	90	22.62	86.09	73.07	37.67	35.19	7.50	26.45	24.45	1.60	15.27	0.83	0.016	8.45	1.46	0.17
20	560	0	90	23.61	97.69	82.91	41.75	39.44	8.40	29.64	28.62	1.69	16.96	0.84	0.018	8.48	1.70	0.20
20	540	0	90	26.51	105.80	89.71	46.71	43.56	9.28	32.64	29.61	1.94	15.29	0.83	0.020	8.20	1.81	0.22
20	520	0	90	26.06	114.07	96.50	50.60	47.53	10.17	35.48	31.06	1.99	15.63	0.83	0.021	7.44	1.96	0.26
20	500	0	90	29.95	121.64	102.57	53.11	50.53	10.81	37.63	33.48	1.95	17.15	0.84	0.022	9.23	2.08	0.23
20	480	0	90	34.17	126.32	106.95	55.85	52.30	11.17	38.92	35.09	2.22	15.78	0.83	0.023	8.07	2.21	0.27
20	460	0	90	36.35	127.71	108.52	57.73	53.00	11.30	39.75	34.96	2.35	14.89	0.83	0.025	7.79	2.22	0.28
20	440	0	90	35.96	130.51	110.81	58.75	54.08	11.55	40.51	35.92	2.72	13.21	0.83	0.025	7.41	2.30	0.31
20	420	0	90	32.35	134.21	113.61	57.68	54.65	11.67	41.01	38.56	2.27	16.96	0.84	0.025	10.17	2.63	0.26
20	400	0	90	37.55	134.82	114.36	58.72	55.05	11.75	41.42	38.35	2.42	15.87	0.83	0.026	9.82	2.78	0.28
20	380	0	90	38.17	133.59	113.06	58.97	55.35	11.81	41.62	36.63	2.40	15.23	0.83	0.026	10.43	2.88	0.28
20	360	0	90	33.68	134.19	113.15	58.58	55.76	11.90	41.72	36.71	2.39	15.37	0.83	0.025	11.89	3.19	0.27
20	340	0	90	36.70	137.11	116.13	60.29	56.17	11.96	41.84	39.09	2.62	14.90	0.83	0.027	13.31	3.57	0.27
20	320	0	90	40.31	136.65	115.88	60.34	55.98	11.91	41.80	38.88	2.75	14.12	0.83	0.028	11.67	3.62	0.31
20	300	0	90	38.00	137.11	116.67	61.24	55.97	11.89	41.62	39.52	2.50	15.83	0.83	0.028	13.48	3.88	0.29
20	280	0	90	33.30	136.84	115.74	59.55	55.73	11.84	41.07	40.04	2.38	16.84	0.84	0.027	14.73	4.08	0.28
20	260	0	90	38.22	137.66	117.43	60.79	55.37	11.76	40.56	41.73	2.54	16.40	0.84	0.029	15.25	4.26	0.28
20	240	0	90	32.46	135.68	115.05	58.15	54.81	11.66	39.94	40.93	2.39	17.09	0.84	0.027	13.56	3.93	0.29
20	220	0	90	38.03	134.17	114.22	60.04	54.84	11.64	39.73	39.61	2.40	16.52	0.84	0.027	14.51	3.67	0.25
20	200	0	90	30.88	131.89	111.14	57.68	54.88	11.67	39.41	37.59	2.20	17.09	0.84	0.025	13.15	3.48	0.26
20	180	0	90	36.20	130.24	110.29	58.73	54.49	11.57	39.19	36.56	2.34	15.59	0.83	0.026	11.28	3.10	0.27
20	160	0	90	34.02	128.08	108.70	58.75	53.87	11.43	38.74	35.47	2.28	15.56	0.83	0.025	9.95	2.71	0.27
20	140	0	90	36.41	128.01	108.49	58.77	54.13	11.50	38.36	35.52	2.34	15.15	0.83	0.025	9.48	2.45	0.26
20	120	0	90	34.21	127.89	108.19	57.62	53.86	11.47	38.00	36.03	1.98	18.20	0.84	0.023	9.73	2.36	0.24
20	100	0	90	31.30	124.01	104.94	57.56	53.23	11.35	37.31	33.47	2.16	15.49	0.83	0.024	9.33	2.15	0.23
20	80	0	90	29.38	120.93	102.01	54.62	51.31	10.95	35.97	33.66	1.88	17.94	0.84	0.022	12.61	2.17	0.17
20	60	0	90	32.15	116.76	98.74	51.33	48.91	10.42	34.26	33.59	1.99	16.87	0.83	0.022	9.32	2.15	0.23
20	40	0	90	33.19	113.23	96.57	49.81	45.95	9.78	32.15	35.13	2.00	17.61	0.84	0.023	8.78	2.09	0.24
20	20	0	90	26.30	105.84	90.10	44.94	42.26	9.00	29.65	33.92	1.70	19.93	0.84	0.021	10.50	1.97	0.19
20	0	0	90	26.05	96.65	82.49	41.22	38.56	8.21	27.10	31.00	1.56	19.87	0.84	0.019	11.18	1.80	0.16
40	0	0	90	26.31	101.82	86.74	44.14	41.14	8.75	28.58	32.10	1.60	20.03	0.84	0.020	9.60	1.85	0.19
40	20	0	90	29.94	111.40	94.63	48.28	45.48	9.69	31.41	34.52	1.98	17.43	0.83	0.022	10.00	1.98	0.20
40	40	0	90	30.36	118.63	100.83	53.07	49.22	10.49	33.90	35.50	1.77	20.10	0.84	0.023	9.27	2.14	0.23
40	60	0	90	33.31	123.84	104.71	55.26	52.41	11.18	36.23	35.21	2.07	17.00	0.83	0.024	8.38	2.24	0.27
40	80	0	90	34.80	127.30	107.58	58.34	54.50	11.62	37.96	34.84	2.09	16.68	0.83	0.024	9.63	2.25	0.23
40	100	0	90	36.62	132.41	112.28	61.28	56.50	12.00	39.40	36.51	2.23	16.34	0.83	0.026	9.50	2.34	0.25
40	120	0	90	35.63	133.26	112.42	60.52	56.92	12.11	40.06	36.28	2.26	16.05	0.83	0.024	9.48	2.36	0.25
40	140	0	90	31.83	133.43	112.49	60.89	57.17	12.16	40.42	35.84	2.03	17.66	0.83	0.025	9.34	2.49	0.27
40	160	0	90	34.43	135.37	114.16	60.85	57.36	12.20	40.89	37.12	2.31	16.09	0.83	0.025	9.91	2.76	0.28
40	180	0	90	35.10	136.95	115.92	61.62	57.57	12.23	41.16	38.21	2.32	16.44	0.83	0.026	11.92	3.01	0.25
40	200	0	90	35.42	138.21	116.80	61.60	57.67	12.25	41.52	39.03	2.40	16.24	0.83	0.027	10.98	3.27	0.30
40	220	0	90	40.83	137.85	116.63	61.92	57.86	12.29	41.75	38.24	2.47	15.47	0.83	0.027	13.00	3.42	0.26
40	240	0	90	35.93	139.79	118.15	61.60	58.10	12.34	42.05	39.63	2.41	16.42	0.83	0.028	11.99	3.68	0.31
40	260	0	90	39.68	143.18	121.40	61.85	58.23	12.36	42.54	42.41	2.27	18.71	0.84	0.029	14.88	4.10	0.28
40	280	0	90	39.02	141.62	120.15	63.25	58.40	12.40	43.05	40.16	2.75	14.61	0.83	0.028	13.35	3.93	0.29
40	300	0	90	34.99	141.11	119.19	61.88	58.23	12.34	43.35	39.54	2.33	16.93	0.84	0.027	14.36	3.82	0.27
40	320	0	90	33.78	142.67	120.83	62.84	58.55	12.43	43.66	40.47	2.65	15.25	0.83	0.028	13.48	3.72	0.28
40	340	0	90	39.33	142.88	121.13	62.44	58.61	12.46	43.76	40.51	2.78	14.55	0.83	0.028	12.86	3.65	0.28
40	360	0	90	32.72	140.38	118.60	61.79	58.16	12.39	43.58	38.65	2.62	14.74	0.83	0.026	11.67	3.36	0.29
40	380	0	90	38.39	140.80	119.13	61.07	57.70	12.31	43.45	39.65	2.70	14.68	0.83	0.028	10.53	3.20	0.30
40	400	0	90	36.14	141.35	120.14	62.00	57.75	12.33	43.35	40.25	2.72	14.82	0.83	0.027	9.77	2.84	0.29
40	420	0	90	37.89	139.94	119.06	61.62	57.00	12.16	42.86	40.09	2.67	15.02	0.83	0.027	10.86	2.83	0.26
40	440	0	90	33.95	135.39	114.52	59.04	55.86	11.90	42.06	37.47	2.47	15.19	0.83	0.025	9.03	2.52	0.28
40	460	0	90	35.63	132.37	112.31	59.26	54.97	11.72	41.33	36.07	2.34	15.44	0.83	0.025	8.50	2.33	0.27
40	480	0	90	34.80	128.87	108.93	58.03	54.12	11.55	40.42	34.33	2.35	14.60	0.83	0.023	8.00	2.19	0.27
40	500	0	90	35.93	125.63	106.93	57.89	52.79	11.26	39.25	33.59	2.69	12.49	0.83	0.025	6.74	2.16	0.32
40	520	0	90	27.61	119.19	100.50	52.51	49.80	10.63	36.99	32.40	1.90	17.04	0.83	0.021	8.06	2.08	0.26
40	540	0	90	26.90	110.48	93.65	49.12	45.58	9.72	34.12	30.78	2.03	15.18	0.83	0.020	8.90	1.92	0.22
40	560	0	90	25.91	100.37	85.32	44.22	40.96	8.70	30.77	28.64	1.90	15.06	0.83	0.019	7.64	1.72	0.23
40	580	0	90	22.74	90.34	76.61	38.59	36.52	7.76	27.55	26.27	1.63	16.12	0.83	0.017	8.30	1.59	0.19
40	600	0	90	19.91	78.11	66.15	33.93	32.04	6.82	24.27	21.80	1.41	15.42	0.83	0.015	7.11	1.30	0.18
40	620	0	90	17.84	66.97	56.67	29.25	27.47	5.87	21.10	18.40	1.30	14.13	0.83	0.013	8.03	1.10	0.14
40	640	0	90	16.63	56.86	48.47	25.69	23.34	4.99	17.95	15.57	1.11	14.04	0.83	0.011	8.02	0.94	0.12
40	660	0	90	12.39	45.78	38.72	20.40	19.04	4.08	14.86	11.88	0.92	12.92	0.83	0.008	6.89	0.76	0.11
40	680	0	90	8.16	35.39	29.86	16.45	15.12	3.23	12.10	8.17	0.75	10.90	0.82	0.006	6.72	0.56	0.08
40	700	0	90	7.14	27.35	23.08	12.70	11.66	2.49	9.64	6.05	0.60	10.03	0.82	0.005	6.48	0.43	0.07
60	700	0	90	7.88	27.83	23.35	12.54	11.86	2.54	9.80	6.18	0.63	9.78	0.82	0.005	5.73	0.45	0.08
60	680	0	90	10.15	36.14	30.46	16.40	15.34	3.29	12.38	8.42	0.80	10.48	0.82	0.007	6.11	0.59	0.10
60	660	0	90	12.10	47.61	40.38	20.48	19.25	4.11	15.29	13.08	0.93	14.10	0.83	0.009	7.62	0.81	0.11
60	640	0	90	16.19	58.21	49.44	25.86	23.98	5.13	18.52	15.71	1.14	13.75	0.83	0.011	8.17	0.97	0.12
60	620	0	90	18.59	68.54	57.97	30.41	28.56	6.11	21.79	18.20	1.26	14.40	0.83	0.013	7.23	1.15	0.16
60	600	0	90	21.74	80.90	68.47	35.39	33.25	7.10	25.18	22.48	1.56	14.45	0.83	0.015	7.53	1.41	0.19
60	580	0	90	23.52	93.99	79.85	40.09	37.80	8.03	28.61	27.58	1.74	15.81	0.83	0.018	8.28	1.70	0.20
60	560	0	90	29.36	104.60	88.97	45.84	42.64	9.05	32.11	29.86	2.11	14.17	0.83	0.021	7.83	1.88	0.24
60	540	0	90	32.39	116.61	99.25	51.26	47.45	10.10	35.50	33.65	2.22	15.17	0.83	0.022	7.98	2.15	0.27
60	520	0	90	35.01	124.76	106.20	56.67	51.72	11.03	38.32	34.73	2.57	13.51	0.83	0.025	8.09	2.33	0.29
60	500	0	90	31.40	129.20	108.99	57.59	54.47	11.62	40.27	34.46	2.38	14.46	0.83	0.024	7.67	2.28	0.30
60	480	0	90	35.17	131.71	111.05	58.98	55.85	11.89	41.65	34.21	2.54	13.44	0.83	0.024	7.59	2.28	0.30
60	460	0	90	33.24	134.73	113.96	61.02	56.82	12.11	42.51	35.40	2.36	14.99	0.83	0.025	7.79	2.38	0.31
60	440	0	90	36.05	140.00	118.59	61.37	57.57	12.27	43.30	39.13	2.51	15.62	0.83	0.026	10.46	2.67	0.26
60	420	0	90	34.65	143.26	121.30	62.53	58.66	12.50	44.11	40.49	2.67	15.15	0.84	0.027	9.39	2.89	0.31
60	400	0	90	40.88	144.35	122.46	64.09	59.52	12.68	44.71	40.11	2.87	13.96	0.83	0.028	8.92	2.87	0.32
60	380	0	90	38.85	143.93	121.72	63.64	59.61	12.69	44.89	39.43	2.67	14.76	0.83	0.028	9.76	3.08	0.32
60	360	0	90	41.28	146.25	123.78	63.69	59.90	12.74	45.23	41.11	2.82	14.59	0.83	0.029	10.92	3.50	0.32
60	340	0	90	37.27	148.48	125.43	63.36	60.54	12.87	45.41	42.54	2.66	15.98	0.83	0.029	13.24	3.81	0.29
60	320	0	90	37.15	147.63	124.63	64.80	61.07	12.97	45.38	41.18	2.61	15.79	0.83	0.029	13.19	3.76	0.29
60	300	0	90	34.37	144.44	121.42	63.84	60.86	12.89	45.13	38.45	2.61	14.72	0.83	0.027	12.59	3.68	0.29
60	280	0	90	37.00	144.34	121.81	65.46	60.84	12.90	44.73	38.77	2.64	14.67	0.83	0.028	12.01	3.71	0.31
60	260	0	90	37.16	146.18	123.77	65.75	60.85	12.88	44.27	41.06	2.55	16.09	0.83	0.029	12.57	3.79	0.30
60	240	0	90	40.64	145.33	123.06	64.89	60.47	12.81	43.73	41.13	2.65	15.53	0.83	0.029	12.12	3.66	0.30
60	220	0	90	37.73	144.47	122.08	63.92	60.28	12.80	43.34	40.85	2.56	15.95	0.83	0.028	12.20	3.50	0.29
60	200	0	90	36.96	145.47	122.96	63.01	59.96	12.74	43.02	42.50	2.45	17.33	0.84	0.028	12.30	3.49	0.28
60	180	0	90	41.02	143.09	121.79	65.83	59.56	12.64	42.75	40.78	2.71	15.07	0.83	0.029	10.25	3.19	0.31
60	160	0	90	34.48	139.39	117.72	64.11	59.56	12.65	42.26	37.57	2.45	15.33	0.83	0.027	9.85	2.80	0.28
60	140	0	90	38.24	138.94	117.49	63.87	59.56	12.65	42.03	37.35	2.50	14.96	0.83	0.027	8.63	2.62	0.30
60	120	0	90	36.21	138.15	116.41	63.02	59.48	12.65	41.56	37.11	2.17	17.10	0.83	0.026	10.48	2.52	0.24
60	100	0	90	40.54	137.48	116.40	64.14	59.26	12.59	41.00	37.23	2.49	14.97	0.83	0.027	8.29	2.45	0.30
60	80	0	90	38.33	133.93	113.08	61.77	57.75	12.29	39.65	36.53	2.13	17.12	0.83	0.025	9.65	2.45	0.25
60	60	0	90	35.24	129.23	109.47	58.93	55.22	11.77	37.73	36.28	1.98	18.32	0.83	0.025	9.24	2.45	0.27
60	40	0	90	33.82	125.13	105.99	55.31	52.30	11.15	35.45	37.38	2.04	18.31	0.84	0.024	10.03	2.43	0.24
60	20	0	90	27.19	116.23	98.89	52.12	48.23	10.29	32.75	35.25	1.77	19.90	0.84	0.023	9.31	2.18	0.23
60	0	0	90	27.09	104.69	88.78	46.75	43.68	9.29	29.73	31.28	1.57	19.87	0.84	0.020	10.84	1.86	0.17
80	0	0	90	30.80	107.23	91.31	49.29	45.25	9.65	30.55	31.43	1.83	17.13	0.83	0.022	9.40	1.97	0.21
80	20	0	90	29.51	116.64	98.58	52.56	49.79	10.63	33.33	33.52	1.82	18.44	0.84	0.022	10.07	2.17	0.22
80	40	0	90	34.64	126.56	107.24	58.29	54.09	11.53	36.23	36.24	2.19	16.58	0.83	0.024	9.23	2.41	0.26
80	60	0	90	35.96	130.39	110.20	61.80	57.18	12.19	38.55	34.66	2.33	14.89	0.83	0.025	9.07	2.33	0.26
80	80	0	90	35.49	137.31	115.48	62.85	59.62	12.70	40.61	37.07	2.34	15.83	0.83	0.025	9.47	2.48	0.26
80	100	0	90	38.60	140.76	118.71	64.94	61.29	13.05	41.90	37.57	2.32	16.22	0.83	0.027	9.43	2.55	0.27
80	120	0	90	35.09	140.20	117.68	65.51	61.73	13.16	42.54	35.93	2.24	16.05	0.83	0.025	9.20	2.48	0.27
80	140	0	90	36.97	141.95	119.61	66.04	61.59	13.08	43.16	37.21	2.50	14.87	0.83	0.026	8.29	2.61	0.31
80	160	0	90	36.05	141.49	119.33	64.90	60.96	12.93	43.36	37.17	2.48	14.97	0.83	0.027	9.12	2.79	0.31
80	180	0	90	35.92	145.27	122.94	65.16	60.90	12.92	43.69	40.69	2.52	16.12	0.83	0.028	10.12	3.21	0.32
80	200	0	90	39.07	147.79	124.99	64.74	61.10	12.96	43.94	42.75	2.54	16.86	0.84	0.029	11.62	3.46	0.30
80	220	0	90	37.29	147.37	124.65	66.21	61.51	13.04	44.15	41.71	2.56	16.31	0.84	0.029	12.47	3.60	0.29
80	240	0	90	36.47	147.67	124.62	65.45	61.77	13.11	44.45	41.45	2.38	17.42	0.84	0.028	14.08	3.69	0.26
80	260	0	90	36.96	148.65	125.39	65.51	61.98	13.15	45.07	41.59	2.59	16.07	0.83	0.029	12.71	3.86	0.30
80	280	0	90	39.12	148.23	125.10	65.76	61.89	13.12	45.52	40.83	2.69	15.15	0.83	0.029	12.55	3.84	0.31
80	300	0	90	43.32	147.83	125.19	67.47	62.07	13.14	45.97	39.79	2.91	13.67	0.83	0.029	11.72	3.81	0.33
80	320	0	90	35.45	149.54	126.02	65.00	61.93	13.15	46.18	41.43	2.74	15.14	0.83	0.029	12.47	3.83	0.31
80	340	0	90	41.65	149.00	126.33	66.08	61.44	13.05	46.05	41.51	2.92	14.20	0.83	0.029	10.91	3.65	0.33
80	360	0	90	39.24	146.54	124.01	64.66	60.57	12.89	45.70	40.27	2.58	15.64	0.83	0.028	10.02	3.43	0.34
80	380	0	90	37.34	145.77	123.43	63.61	59.92	12.75	45.41	40.43	2.82	14.36	0.83	0.028	9.03	3.14	0.35
80	400	0	90	39.85	144.53	122.76	64.15	59.47	12.66	45.00	40.05	2.75	14.54	0.83	0.028	9.48	2.92	0.31
80	420	0	90	32.30	142.72	120.77	62.48	58.59	12.49	44.31	39.83	2.63	15.15	0.83	0.026	8.56	2.81	0.33
80	440	0	90	34.28	140.17	118.51	61.67	57.92	12.33	43.68	38.56	2.67	14.46	0.83	0.026	8.90	2.68	0.30
80	460	0	90	38.14	136.92	115.67	61.33	57.39	12.23	43.07	36.46	2.65	13.77	0.83	0.025	8.33	2.50	0.30
80	480	0	90	36.17	134.47	113.53	60.71	56.79	12.10	42.28	35.40	2.67	13.24	0.83	0.025	9.05	2.42	0.27
80	500	0	90	31.19	130.73	110.19	57.45	54.70	11.67	40.66	35.37	2.49	14.23	0.83	0.024	8.30	2.46	0.30
80	520	0	90	26.73	126.17	106.32	53.76	51.75	11.03	38.53	35.90	2.05	17.55	0.84	0.023	10.20	2.44	0.24
80	540	0	90	27.87	117.62	99.52	50.10	47.89	10.19	35.80	33.92	2.22	15.27	0.84	0.022	9.34	2.23	0.24
80	560	0	90	28.70	106.13	90.19	46.22	43.14	9.16	32.47	30.52	1.95	15.65	0.83	0.020	9.24	1.93	0.21
80	580	0	90	26.76	94.85	80.79	41.78	38.42	8.18	29.03	27.39	1.94	14.14	0.83	0.019	7.65	1.69	0.22
80	600	0	90	20.64	82.58	70.04	35.88	33.66	7.18	25.48	23.44	1.55	15.13	0.83	0.016	8.45	1.43	0.17
80	620	0	90	18.13	70.57	59.78	30.19	28.66	6.13	22.08	19.83	1.40	14.17	0.83	0.013	8.46	1.22	0.14
80	640	0	90	15.15	57.95	49.02	25.13	23.72	5.08	18.57	15.66	1.14	13.69	0.83	0.011	6.29	0.99	0.16
80	660	0	90	12.37	47.34	40.05	20.62	19.43	4.16	15.38	12.53	0.98	12.79	0.83	0.009	6.57	0.80	0.12
80	680	0	90	9.89	36.93	31.15	16.62	15.54	3.34	12.47	8.92	0.75	11.88	0.82	0.007	7.30	0.61	0.08
80	700	0	90	7.71	28.06	23.64	12.76	11.90	2.55	9.87	6.29	0.66	9.49	0.82	0.005	5.62	0.45	0.08
100	700	0	90	7.70	27.99	23.59	12.83	11.85	2.54	9.86	6.28	0.64	9.88	0.81	0.005	5.67	0.45	0.08
100	680	0	90	8.87	37.11	31.23	16.34	15.54	3.34	12.44	9.13	0.71	12.86	0.83	0.007	6.73	0.61	0.09
100	660	0	90	13.14	47.20	40.10	20.95	19.30	4.14	15.31	12.59	0.96	13.09	0.83	0.009	7.31	0.82	0.11
100	640	0	90	14.94	57.66	48.98	25.51	23.61	5.06	18.45	15.60	1.09	14.33	0.83	0.011	7.61	1.03	0.14
100	620	0	90	18.05	68.97	58.36	30.26	28.47	6.10	21.92	18.58	1.42	13.06	0.83	0.013	7.58	1.16	0.15
100	600	0	90	21.35	81.70	69.34	35.38	33.27	7.10	25.35	23.08	1.51	15.26	0.83	0.016	7.70	1.43	0.19
100	580	0	90	24.97	94.39	80.29	40.46	37.86	8.07	28.71	27.81	1.78	15.66	0.84	0.018	8.30	1.73	0.21
100	560	0	90	27.93	105.93	90.21	45.64	42.47	9.03	32.10	31.35	1.92	16.29	0.84	0.021	8.67	1.96	0.23
100	540	0	90	32.99	115.42	98.23	51.37	47.29	10.07	35.45	32.68	2.45	13.36	0.83	0.023	8.28	2.15	0.26
100	520	0	90	32.33	124.00	104.87	54.28	51.01	10.87	38.18	34.81	2.24	15.57	0.83	0.023	8.74	2.32	0.27
100	500	0	90	30.80	129.92	109.78	57.38	53.87	11.50	40.34	35.71	2.40	14.91	0.83	0.024	9.03	2.41	0.27
100	480	0	90	34.68	134.44	113.72	59.72	55.90	11.91	41.93	36.61	2.57	14.27	0.83	0.026	8.61	2.50	0.29
100	460	0	90	36.58	136.94	115.85	60.74	56.81	12.09	42.75	37.37	2.56	14.58	0.83	0.026	8.37	2.57	0.31
100	440	0	90	37.76	140.38	119.13	61.71	57.45	12.22	43.45	39.47	2.82	14.01	0.83	0.027	8.86	2.71	0.31
100	420	0	90	35.47	143.34	121.52	61.48	58.12	12.38	44.00	41.22	2.78	14.81	0.83	0.028	8.63	2.87	0.33
100	400	0	90	38.02	146.63	124.57	62.38	58.64	12.48	44.62	43.37	2.54	17.07	0.84	0.028	11.93	3.11	0.26
100	380	0	90	35.15	147.17	124.88	63.80	59.68	12.68	45.20	42.29	2.72	15.54	0.83	0.029	10.85	3.25	0.30
100	360	0	90	36.78	146.09	123.63	64.20	60.25	12.81	45.58	40.26	2.61	15.40	0.83	0.029	11.22	3.41	0.30
100	340	0	90	40.41	147.57	124.65	65.28	61.33	13.03	46.03	40.21	2.69	14.97	0.83	0.029	12.54	3.64	0.29
100	320	0	90	35.26	147.74	124.54	64.95	61.67	13.07	46.15	39.92	2.66	15.02	0.83	0.028	11.48	3.76	0.33
100	300	0	90	40.24	148.36	125.65	66.96	61.90	13.10	46.12	40.33	2.98	13.53	0.83	0.029	10.95	3.80	0.35
100	280	0	90	42.59	149.68	126.93	66.46	61.65	13.04	45.73	42.30	2.88	14.68	0.83	0.030	11.78	3.94	0.33
100	260	0	90	37.09	148.91	125.93	65.12	61.33	12.98	45.10	42.47	2.62	16.20	0.83	0.030	12.79	4.03	0.32
100	240	0	90	38.80	147.07	124.64	66.53	61.36	13.00	44.56	41.15	2.63	15.66	0.83	0.029	12.57	3.83	0.30
100	220	0	90	37.50	146.45	123.69	64.99	61.16	12.96	44.08	41.21	2.51	16.40	0.83	0.029	11.35	3.59	0.32
100	200	0	90	36.99	144.79	122.49	65.21	60.89	12.91	43.85	40.05	2.65	15.11	0.83	0.028	12.19	3.39	0.28
100	180	0	90	38.79	143.82	121.56	65.11	60.71	12.84	43.79	39.32	2.63	14.93	0.83	0.028	12.86	3.15	0.24
100	160	0	90	36.98	142.76	120.41	65.29	61.04	12.94	43.47	38.25	2.42	15.83	0.83	0.027	9.49	2.79	0.29
100	140	0	90	35.00	143.67	121.13	65.75	61.79	13.13	43.17	38.72	2.46	15.77	0.83	0.027	9.62	2.73	0.28
100	120	0	90	38.41	142.69	120.35	66.31	61.92	13.18	42.79	37.98	2.65	14.33	0.83	0.027	8.41	2.56	0.31
100	100	0	90	35.59	139.61	117.33	65.13	61.30	13.08	41.86	36.45	2.16	16.86	0.83	0.025	10.01	2.42	0.24
100	80	0	90	36.32	136.57	115.16	64.24	60.03	12.80	40.61	35.93	2.37	15.16	0.83	0.026	9.28	2.41	0.26
100	60	0	90	33.22	131.40	110.61	61.31	57.44	12.25	38.53	35.43	2.17	16.34	0.83	0.024	9.46	2.35	0.25
100	40	0	90	32.32	123.75	104.09	56.41	53.60	11.43	35.99	34.16	2.01	16.99	0.83	0.023	9.71	2.23	0.23
100	20	0	90	26.23	113.40	95.12	51.71	49.57	10.60	33.12	30.72	1.71	17.99	0.83	0.020	10.18	2.02	0.20
100	0	0	90	28.32	106.18	90.06	48.46	45.18	9.67	30.37	30.64	1.60	19.10	0.84	0.020	9.82	2.04	0.21
120	0	0	90	24.85	101.77	85.60	47.22	44.37	9.49	29.81	27.60	1.56	17.71	0.83	0.019	9.09	1.85	0.20
120	20	0	90	27.87	111.78	94.00	51.39	48.79	10.43	32.62	30.36	1.83	16.59	0.83	0.021	9.10	1.99	0.22
120	40	0	90	29.24	121.72	102.64	56.08	52.83	11.29	35.40	33.49	1.97	16.97	0.83	0.023	11.57	2.25	0.19
120	60	0	90	36.68	130.41	110.12	60.55	56.51	12.06	38.02	35.89	2.03	17.66	0.83	0.025	9.70	2.38	0.25
120	80	0	90	35.11	135.78	114.31	62.83	59.32	12.67	40.06	36.40	2.21	16.47	0.83	0.025	7.89	2.42	0.31
120	100	0	90	33.18	138.98	116.85	63.60	60.58	12.94	41.38	37.03	1.96	18.91	0.83	0.025	9.98	2.45	0.25
120	120	0	90	42.18	142.29	120.37	65.71	60.84	12.96	42.35	39.10	2.53	15.47	0.83	0.027	8.71	2.71	0.31
120	140	0	90	35.39	141.74	119.56	64.61	60.70	12.90	42.62	38.43	2.39	16.11	0.83	0.027	10.49	2.71	0.26
120	160	0	90	40.91	141.49	119.69	65.25	60.33	12.79	42.98	38.18	2.62	14.57	0.83	0.027	9.34	2.81	0.30
120	180	0	90	35.78	142.10	120.11	64.30	59.93	12.70	43.15	39.02	2.60	14.99	0.83	0.027	10.06	3.07	0.30
120	200	0	90	37.92	142.57	120.35	63.44	59.90	12.70	43.41	39.26	2.54	15.44	0.83	0.028	11.66	3.35	0.29
120	220	0	90	38.16	142.99	120.88	64.32	59.70	12.66	43.50	39.79	2.58	15.40	0.83	0.028	11.45	3.65	0.32
120	240	0	90	37.05	143.37	121.04	63.78	59.90	12.69	43.75	39.72	2.47	16.11	0.83	0.028	12.01	3.78	0.31
120	260	0	90	38.84	147.00	124.32	63.57	60.13	12.72	44.41	42.46	2.66	15.96	0.84	0.029	13.98	4.08	0.29
120	280	0	90	39.25	146.85	124.56	65.48	60.57	12.83	45.11	41.18	2.86	14.41	0.83	0.029	12.28	4.06	0.33
120	300	0	90	36.61	148.03	125.39	65.34	60.81	12.90	45.50	41.71	2.66	15.65	0.84	0.029	12.12	4.03	0.33
120	320	0	90	39.54	147.02	124.61	65.33	60.49	12.83	45.58	40.94	2.82	14.52	0.83	0.029	11.93	3.84	0.32
120	340	0	90	37.49	144.30	122.18	64.49	59.80	12.69	45.28	39.22	2.79	14.05	0.83	0.028	11.99	3.56	0.30
120	360	0	90	38.27	144.13	122.00	63.71	59.39	12.63	44.98	39.76	2.75	14.45	0.83	0.029	11.28	3.43	0.30
120	380	0	90	36.34	145.55	123.23	62.20	58.98	12.54	44.63	41.94	2.46	17.04	0.84	0.028	11.32	3.19	0.28
120	400	0	90	34.19	144.22	122.37	62.04	57.95	12.32	44.05	42.22	2.45	17.22	0.84	0.027	10.00	3.00	0.30
120	420	0	90	36.13	141.23	120.00	61.32	57.15	12.16	43.35	40.73	2.52	16.16	0.83	0.027	9.26	2.77	0.30
120	440	0	90	38.93	136.91	116.36	61.30	56.35	11.98	42.71	37.84	2.50	15.11	0.83	0.026	8.05	2.57	0.32
120	460	0	90	37.30	135.36	114.50	58.95	55.56	11.82	42.05	37.75	2.60	14.52	0.83	0.026	8.38	2.55	0.30
120	480	0	90	32.64	135.26	114.38	57.22	54.61	11.65	41.19	39.46	2.27	17.35	0.84	0.025	10.32	2.73	0.26
120	500	0	90	30.20	130.40	110.51	56.17	53.00	11.31	39.72	37.68	2.21	17.07	0.83	0.025	10.52	2.58	0.24
120	520	0	90	31.08	121.34	102.99	53.91	49.99	10.65	37.49	33.86	2.35	14.43	0.83	0.023	8.74	2.31	0.26
120	540	0	90	27.62	113.02	95.97	48.80	45.93	9.80	34.59	32.50	2.17	15.00	0.83	0.022	8.75	2.17	0.25
120	560	0	90	28.00	102.35	87.13	44.51	41.36	8.81	31.29	29.70	1.99	14.89	0.83	0.020	8.79	1.98	0.23
120	580	0	90	24.41	91.65	78.02	39.51	36.80	7.85	27.96	26.88	1.72	15.64	0.83	0.018	9.02	1.76	0.19
120	600	0	90	19.86	79.58	67.46	34.78	32.58	6.97	24.66	22.35	1.45	15.43	0.83	0.015	7.97	1.43	0.18
120	620	0	90	16.14	66.62	56.14	29.50	27.93	5.99	21.35	17.34	1.15	15.12	0.83	0.012	8.82	1.11	0.13
120	640	0	90	15.22	55.28	46.80	25.65	23.29	5.00	18.11	13.88	1.08	12.80	0.83	0.010	7.93	0.92	0.12
120	660	0	90	13.30	46.68	39.71	20.74	19.05	4.08	15.02	12.62	1.01	12.50	0.83	0.009	7.40	0.84	0.11
120	680	0	90	10.19	36.27	30.60	16.18	15.20	3.27	12.23	8.84	0.77	11.47	0.82	0.007	6.63	0.61	0.09
120	700	0	90	7.26	27.64	23.28	12.65	11.76	2.53	9.71	6.17	0.63	9.78	0.82	0.005	6.50	0.45	0.07
140	700	0	90	6.87	27.55	23.10	12.58	11.87	2.56	9.64	6.04	0.53	11.36	0.82	0.005	6.67	0.44	0.07
140	680	0	90	9.75	35.80	30.18	16.10	15.16	3.27	12.09	8.56	0.76	11.27	0.82	0.007	6.58	0.59	0.09
140	660	0	90	12.75	45.41	38.48	20.49	18.84	4.06	14.81	11.76	0.95	12.40	0.83	0.009	7.96	0.81	0.10
140	640	0	90	15.44	54.25	45.84	24.50	22.86	4.92	17.83	13.55	1.14	11.93	0.82	0.010	6.54	0.90	0.14
140	620	0	90	18.85	65.48	55.35	29.12	27.31	5.86	21.03	17.14	1.35	12.70	0.83	0.012	7.56	1.14	0.15
140	600	0	90	18.97	77.32	65.50	34.05	31.83	6.82	24.12	21.37	1.37	15.65	0.83	0.015	8.06	1.41	0.18
140	580	0	90	24.73	89.01	75.74	38.92	36.00	7.70	27.29	25.72	1.71	15.06	0.83	0.018	8.71	1.71	0.20
140	560	0	90	25.49	99.64	84.64	43.14	40.26	8.61	30.53	28.84	1.79	16.10	0.84	0.019	9.41	1.96	0.21
140	540	0	90	28.20	109.34	92.51	47.16	44.55	9.52	33.59	31.20	1.93	16.14	0.84	0.020	9.53	2.15	0.23
140	520	0	90	31.90	118.72	100.72	51.58	48.34	10.34	36.50	33.88	2.25	15.06	0.83	0.023	10.67	2.36	0.22
140	500	0	90	35.26	128.28	109.17	54.89	51.43	10.98	38.80	38.06	2.37	16.02	0.84	0.025	10.40	2.60	0.25
140	480	0	90	37.68	133.20	113.62	58.39	53.41	11.40	40.36	39.43	2.42	16.29	0.83	0.027	9.68	2.71	0.28
140	460	0	90	34.58	133.15	112.85	57.81	54.26	11.56	41.19	37.70	2.42	15.59	0.83	0.025	7.96	2.49	0.31
140	440	0	90	36.18	135.83	115.23	58.92	55.12	11.72	41.79	38.91	2.40	16.22	0.83	0.026	9.60	2.60	0.27
140	420	0	90	37.84	139.80	118.90	60.10	56.04	11.92	42.66	41.10	2.74	15.01	0.83	0.028	8.17	2.86	0.35
140	400	0	90	35.49	142.44	121.11	60.92	57.09	12.13	43.34	42.01	2.55	16.50	0.84	0.028	9.38	3.02	0.32
140	380	0	90	35.97	141.30	119.73	62.39	57.72	12.25	43.81	39.77	2.47	16.12	0.83	0.027	11.08	3.03	0.27
140	360	0	90	38.03	140.89	119.13	61.00	57.69	12.24	43.98	39.21	2.57	15.28	0.83	0.027	10.76	3.37	0.31
140	340	0	90	37.56	143.42	121.61	62.53	58.43	12.40	44.36	40.62	2.64	15.41	0.83	0.029	12.83	3.67	0.29
140	320	0	90	34.99	144.57	122.46	63.27	59.06	12.51	44.54	40.97	2.56	16.00	0.83	0.028	12.40	3.83	0.31
140	300	0	90	34.50	144.17	121.77	63.50	59.58	12.63	44.51	40.08	2.62	15.33	0.84	0.028	13.55	3.97	0.29
140	280	0	90	43.36	142.50	120.65	64.29	59.53	12.60	44.22	38.76	2.86	13.56	0.83	0.029	11.94	3.95	0.33
140	260	0	90	36.35	141.79	119.81	62.75	58.80	12.45	43.46	39.53	2.58	15.35	0.83	0.028	13.50	3.98	0.29
140	240	0	90	37.11	142.53	120.89	62.95	58.53	12.39	42.94	41.06	2.64	15.56	0.83	0.029	11.92	3.89	0.33
140	220	0	90	33.94	140.35	118.41	61.46	58.38	12.37	42.64	39.34	2.45	16.06	0.83	0.027	11.87	3.67	0.31
140	200	0	90	38.03	141.45	119.85	63.05	58.93	12.51	42.67	39.85	2.46	16.19	0.83	0.028	10.31	3.45	0.33
140	180	0	90	33.52	139.71	118.35	64.15	59.27	12.59	42.40	38.03	2.22	17.14	0.83	0.027	10.89	2.96	0.27
140	160	0	90	32.76	138.34	116.32	62.38	59.34	12.60	42.13	36.87	2.36	15.59	0.83	0.026	10.36	2.76	0.27
140	140	0	90	34.95	139.09	117.08	63.14	59.65	12.69	41.87	37.57	2.28	16.50	0.83	0.026	9.80	2.74	0.28
140	120	0	90	34.46	139.88	118.30	63.77	59.61	12.70	41.49	38.78	2.26	17.15	0.83	0.026	9.87	2.67	0.27
140	100	0	90	35.44	136.30	115.17	64.04	59.36	12.69	40.56	36.38	2.21	16.44	0.83	0.025	8.71	2.42	0.28
140	80	0	90	28.35	132.23	111.07	59.88	57.56	12.32	39.05	35.62	2.23	16.00	0.83	0.024	8.57	2.37	0.28
140	60	0	90	33.31	127.36	107.45	59.27	55.34	11.84	37.16	34.86	2.16	16.17	0.83	0.024	9.36	2.35	0.25
140	40	0	90	30.78	119.25	100.78	55.95	51.95	11.12	34.68	32.63	2.04	16.03	0.83	0.022	9.31	2.24	0.24
140	20	0	90	32.81	109.64	92.64	51.32	47.79	10.22	31.88	29.96	1.89	15.84	0.83	0.022	8.86	2.00	0.23
140	0	0	90	27.55	100.17	84.50	46.03	43.36	9.25	29.12	27.69	1.74	15.94	0.83	0.019	9.25	1.86	0.20
160	0	0	90	25.08	98.93	83.55	45.95	42.86	9.16	28.67	27.40	1.52	18.02	0.83	0.019	10.78	1.91	0.18
160	20	0	90	28.06	109.12	92.31	50.58	47.01	10.04	31.55	30.55	1.79	17.04	0.83	0.022	10.10	2.12	0.21
160	40	0	90	29.45	117.46	99.14	53.98	50.80	10.87	34.19	32.47	2.00	16.23	0.83	0.023	10.16	2.25	0.22
160	60	0	90	33.13	125.19	105.59	57.97	54.29	11.62	36.64	34.26	2.03	16.85	0.83	0.024	9.67	2.32	0.24
160	80	0	90	36.12	130.10	109.69	60.19	56.58	12.11	38.60	34.91	2.29	15.26	0.83	0.025	8.84	2.35	0.27
160	100	0	90	35.27	134.62	113.63	62.29	58.33	12.44	39.96	36.33	2.33	15.59	0.83	0.025	8.37	2.42	0.29
160	120	0	90	38.07	137.59	116.18	63.20	59.02	12.56	40.99	37.57	2.30	16.37	0.83	0.026	9.66	2.58	0.27
160	140	0	90	35.87	138.37	117.06	63.51	58.97	12.53	41.49	37.92	2.43	15.59	0.83	0.026	10.08	2.76	0.27
160	160	0	90	37.37	139.00	117.36	61.98	58.66	12.43	41.79	38.56	2.40	16.08	0.83	0.027	10.46	2.88	0.27
160	180	0	90	33.72	138.64	117.18	62.67	58.66	12.44	41.92	38.07	2.52	15.12	0.83	0.027	10.71	3.03	0.28
160	200	0	90	35.26	139.22	117.73	62.30	58.20	12.35	41.95	39.07	2.49	15.68	0.83	0.027	11.35	3.36	0.30
160	220	0	90	33.07	137.90	116.29	61.08	57.61	12.21	41.87	38.42	2.18	17.59	0.84	0.026	13.55	3.56	0.26
160	240	0	90	41.21	139.44	118.45	62.63	57.88	12.25	42.26	39.29	2.62	14.99	0.83	0.028	11.93	3.78	0.32
160	260	0	90	37.74	140.06	118.65	62.71	58.17	12.31	42.87	39.02	2.62	14.88	0.83	0.028	12.36	3.88	0.31
160	280	0	90	38.73	140.98	119.00	62.55	58.72	12.43	43.51	38.75	2.56	15.16	0.83	0.028	13.25	3.95	0.30
160	300	0	90	39.22	142.20	120.30	63.12	58.81	12.46	43.88	39.51	2.80	14.08	0.83	0.028	12.57	3.91	0.31
160	320	0	90	34.36	141.94	119.59	61.19	58.34	12.38	43.92	39.69	2.49	15.96	0.84	0.027	12.48	3.77	0.30
160	340	0	90	36.17	142.26	120.21	61.04	57.80	12.25	43.71	40.75	2.45	16.60	0.84	0.027	11.81	3.76	0.32
160	360	0	90	39.61	139.02	118.04	62.30	57.26	12.14	43.44	38.32	2.75	13.94	0.83	0.028	9.92	3.23	0.33
160	380	0	90	35.39	137.94	116.82	60.82	56.96	12.08	43.09	37.90	2.42	15.64	0.83	0.026	9.90	2.95	0.30
160	400	0	90	34.03	140.64	119.75	61.75	56.59	12.01	42.63	41.42	2.45	16.91	0.84	0.028	10.50	3.14	0.30
160	420	0	90	36.64	137.88	116.92	59.07	55.67	11.83	42.06	40.14	2.46	16.32	0.83	0.027	10.35	2.89	0.28
160	440	0	90	38.21	134.48	114.15	58.97	54.83	11.64	41.43	38.22	2.66	14.37	0.83	0.026	8.73	2.62	0.30
160	460	0	90	33.62	131.91	112.01	58.19	54.13	11.55	40.63	37.15	2.29	16.23	0.83	0.025	9.25	2.44	0.26
160	480	0	90	33.55	130.50	110.41	55.45	52.84	11.30	39.58	38.08	2.44	15.59	0.84	0.025	8.13	2.53	0.31
160	500	0	90	30.22	124.03	104.82	52.96	50.62	10.83	37.87	35.54	2.17	16.35	0.84	0.023	9.16	2.42	0.26
160	520	0	90	32.86	115.89	98.58	52.23	47.66	10.18	35.74	32.48	2.19	14.82	0.83	0.023	8.31	2.23	0.27
160	540	0	90	27.38	106.74	90.30	46.53	43.90	9.38	32.99	29.85	1.87	15.98	0.83	0.020	8.96	2.10	0.23
160	560	0	90	25.24	97.82	82.85	41.90	39.61	8.47	29.98	28.23	1.70	16.58	0.84	0.019	9.22	2.00	0.22
160	580	0	90	23.25	86.62	73.42	37.37	35.18	7.53	26.71	24.73	1.57	15.71	0.83	0.016	8.98	1.70	0.19
160	600	0	90	21.90	74.92	63.55	33.51	31.01	6.65	23.64	20.27	1.55	13.07	0.83	0.015	7.66	1.40	0.18
160	620	0	90	17.01	63.56	53.69	28.71	26.80	5.75	20.53	16.22	1.25	12.94	0.83	0.012	7.37	1.11	0.15
160	640	0	90	13.13	52.26	44.07	24.61	22.56	4.87	17.45	12.24	1.04	11.81	0.82	0.009	7.40	0.85	0.12
160	660	0	90	12.50	44.62	37.64	19.92	18.79	4.06	14.65	11.18	0.87	12.90	0.83	0.008	8.82	0.80	0.09
160	680	0	90	10.25	35.24	29.63	16.40	15.23	3.29	12.05	7.96	0.75	10.59	0.82	0.006	6.80	0.57	0.08
160	700	0	90	7.62	27.59	23.10	12.64	11.95	2.59	9.67	5.98	0.62	9.57	0.81	0.005	6.50	0.44	0.07
180	700	0	90	7.98	27.75	23.27	13.04	12.13	2.63	9.72	5.90	0.58	10.11	0.82	0.005	6.77	0.43	0.06
180	680	0	90	9.02	35.12	29.35	16.44	15.54	3.37	12.10	7.48	0.75	9.95	0.81	0.006	6.40	0.55	0.09
180	660	0	90	11.21	44.32	37.28	20.13	18.94	4.10	14.65	10.72	0.86	12.40	0.82	0.008	7.30	0.77	0.11
180	640	0	90	14.00	52.80	44.53	24.66	22.83	4.92	17.47	12.50	1.02	12.30	0.82	0.010	6.56	0.89	0.14
180	620	0	90	17.19	62.29	52.49	29.08	26.90	5.78	20.42	14.96	1.34	11.21	0.82	0.012	7.48	1.06	0.14
180	600	0	90	20.63	72.93	61.39	32.67	31.02	6.66	23.41	18.50	1.46	12.65	0.83	0.013	7.23	1.35	0.19
180	580	0	90	22.23	84.66	71.58	37.96	35.40	7.58	26.66	22.60	1.60	14.12	0.83	0.016	8.39	1.62	0.19
180	560	0	90	24.15	97.35	82.53	42.49	39.82	8.51	29.87	27.66	1.75	15.83	0.83	0.019	9.61	1.96	0.20
180	540	0	90	27.19	106.52	90.03	46.49	43.97	9.39	32.82	29.74	1.90	15.67	0.83	0.020	9.31	2.07	0.22
180	520	0	90	28.13	114.57	96.71	50.29	47.51	10.15	35.45	31.62	2.14	14.76	0.83	0.022	8.31	2.22	0.27
180	500	0	90	34.54	125.24	106.22	53.91	50.77	10.86	37.77	36.70	2.13	17.23	0.84	0.024	9.83	2.48	0.25
180	480	0	90	33.64	130.42	110.83	56.61	52.86	11.28	39.32	38.24	2.36	16.19	0.84	0.025	9.09	2.52	0.28
180	460	0	90	35.80	131.67	111.62	58.00	54.08	11.52	40.33	37.26	2.46	15.17	0.83	0.025	9.14	2.46	0.27
180	440	0	90	36.07	133.35	113.34	59.66	54.91	11.65	41.00	37.43	2.58	14.52	0.83	0.026	8.65	2.58	0.30
180	420	0	90	35.32	135.55	114.77	59.28	55.48	11.78	41.57	38.50	2.49	15.44	0.83	0.026	10.36	2.75	0.27
180	400	0	90	34.61	137.95	117.13	60.37	56.11	11.90	42.14	39.70	2.47	16.06	0.83	0.027	10.02	2.94	0.29
180	380	0	90	35.57	137.78	116.91	61.23	56.56	11.97	42.61	38.62	2.77	13.93	0.83	0.026	9.65	2.97	0.31
180	360	0	90	31.99	139.14	117.98	61.95	57.11	12.08	43.00	39.03	2.59	15.09	0.84	0.026	12.68	3.45	0.27
180	340	0	90	38.12	141.33	119.73	61.72	57.89	12.27	43.38	40.06	2.61	15.33	0.83	0.028	13.60	3.78	0.28
180	320	0	90	33.57	141.27	119.52	61.87	58.00	12.29	43.44	39.83	2.56	15.57	0.83	0.028	12.72	3.79	0.30
180	300	0	90	34.78	141.71	119.85	62.66	58.55	12.41	43.38	39.78	2.45	16.24	0.84	0.028	13.61	3.89	0.29
180	280	0	90	40.75	141.11	119.90	64.06	58.31	12.34	43.11	39.69	2.66	14.95	0.83	0.029	13.84	3.96	0.29
180	260	0	90	37.10	138.48	117.12	62.00	57.58	12.18	42.35	38.55	2.41	16.03	0.83	0.027	11.57	3.78	0.33
180	240	0	90	34.73	136.40	115.06	60.60	57.22	12.09	41.82	37.36	2.45	15.27	0.83	0.026	11.75	3.59	0.31
180	220	0	90	33.49	136.74	115.28	60.71	57.39	12.15	41.43	37.92	2.38	15.93	0.83	0.026	11.49	3.44	0.30
180	200	0	90	34.48	135.37	114.28	62.41	57.76	12.21	41.51	36.09	2.57	14.02	0.83	0.025	10.42	3.15	0.30
180	180	0	90	32.88	133.82	112.65	61.80	57.68	12.21	41.34	34.80	2.31	15.03	0.83	0.024	10.27	2.83	0.28
180	160	0	90	35.05	136.32	115.04	62.00	58.11	12.32	41.40	36.81	2.36	15.63	0.83	0.025	10.30	2.76	0.27
180	140	0	90	38.41	137.44	116.29	63.55	58.74	12.47	41.34	37.36	2.38	15.70	0.83	0.026	9.94	2.72	0.27
180	120	0	90	34.39	136.94	115.75	63.10	58.78	12.50	40.69	37.48	2.26	16.60	0.83	0.026	8.90	2.55	0.29
180	100	0	90	33.62	135.23	113.88	61.10	57.85	12.33	39.76	37.62	2.18	17.24	0.83	0.025	10.20	2.54	0.25
180	80	0	90	35.78	131.61	111.23	60.35	56.24	12.00	38.36	37.01	2.08	17.79	0.83	0.025	10.70	2.58	0.24
180	60	0	90	33.06	125.10	105.60	57.59	53.57	11.45	36.27	35.26	2.08	16.95	0.84	0.023	9.88	2.39	0.24
180	40	0	90	28.10	116.88	98.81	53.97	50.18	10.72	33.82	32.87	1.88	17.44	0.83	0.022	10.14	2.22	0.22
180	20	0	90	32.55	109.47	92.76	49.95	46.78	9.99	31.27	31.43	1.89	16.66	0.83	0.021	9.98	2.25	0.23
180	0	0	90	25.46	100.08	84.62	45.96	42.89	9.16	28.56	28.63	1.54	18.63	0.84	0.019	12.48	2.03	0.16
200	0	0	90	25.34	102.02	86.51	46.00	42.97	9.16	28.63	30.42	1.68	18.14	0.84	0.020	11.50	2.01	0.18
200	20	0	90	32.47	110.86	94.06	49.98	46.91	10.00	31.31	32.64	2.00	16.35	0.83	0.022	9.18	2.27	0.25
200	40	0	90	34.39	118.39	100.13	53.76	50.37	10.74	33.82	34.21	1.93	17.76	0.83	0.023	10.11	2.31	0.23
200	60	0	90	30.66	125.26	105.44	56.42	53.94	11.49	36.24	35.08	1.88	18.71	0.83	0.023	10.51	2.46	0.23
200	80	0	90	34.10	131.78	111.45	60.23	56.26	11.97	38.37	37.16	2.17	17.12	0.83	0.025	11.98	2.73	0.23
200	100	0	90	37.82	135.71	114.87	61.73	57.66	12.25	39.79	38.26	2.15	17.83	0.83	0.026	11.11	2.60	0.23
200	120	0	90	36.37	137.25	115.70	61.75	58.79	12.47	40.66	37.80	2.24	16.86	0.83	0.026	9.20	2.53	0.28
200	140	0	90	39.42	138.00	116.69	62.82	58.93	12.50	41.24	37.83	2.66	14.21	0.83	0.027	9.49	2.69	0.28
200	160	0	90	32.50	136.12	114.57	61.93	58.27	12.35	41.39	36.47	2.37	15.39	0.83	0.025	11.50	2.79	0.24
200	180	0	90	40.01	135.28	114.56	63.82	58.41	12.33	41.56	35.32	2.62	13.47	0.83	0.026	9.40	2.93	0.31
200	200	0	90	34.10	134.34	112.81	61.70	58.09	12.26	41.47	34.78	2.53	13.72	0.83	0.025	10.66	3.10	0.29
200	220	0	90	36.63	135.55	114.57	62.42	57.52	12.12	41.44	36.60	2.38	15.41	0.83	0.027	12.25	3.34	0.27
200	240	0	90	35.19	135.31	113.74	60.81	57.52	12.13	41.60	36.19	2.15	16.83	0.83	0.025	10.90	3.36	0.31
200	260	0	90	38.55	136.98	115.72	61.81	57.89	12.22	42.36	36.72	2.69	13.64	0.83	0.027	11.44	3.58	0.31
200	280	0	90	41.62	142.52	120.73	62.85	58.68	12.39	43.07	40.77	2.57	15.89	0.83	0.029	12.86	3.95	0.31
200	300	0	90	41.40	142.19	120.49	63.46	58.97	12.46	43.38	39.84	2.70	14.75	0.83	0.028	12.07	3.84	0.32
200	320	0	90	37.37	140.86	119.38	63.46	58.70	12.40	43.42	38.74	2.57	15.06	0.83	0.028	12.22	3.71	0.30
200	340	0	90	39.17	141.08	119.80	63.77	58.53	12.37	43.38	39.16	2.76	14.22	0.83	0.028	11.23	3.69	0.33
200	360	0	90	36.58	139.61	118.03	61.08	57.55	12.15	42.93	39.14	2.46	15.93	0.83	0.027	12.66	3.51	0.28
200	380	0	90	34.77	136.97	116.10	61.35	56.87	12.00	42.52	37.58	2.57	14.64	0.83	0.026	9.97	3.08	0.31
200	400	0	90	33.28	135.43	114.52	60.50	56.37	11.92	41.86	37.20	2.29	16.28	0.83	0.026	9.86	2.81	0.28
200	420	0	90	33.99	134.20	113.19	57.79	55.62	11.78	41.37	37.20	2.45	15.21	0.83	0.025	9.96	2.69	0.27
200	440	0	90	33.00	131.85	111.30	58.63	55.13	11.68	40.91	35.81	2.36	15.20	0.83	0.024	8.73	2.51	0.29
200	460	0	90	32.96	131.45	111.06	58.68	54.98	11.69	40.36	36.12	2.31	15.65	0.83	0.024	9.43	2.47	0.26
200	480	0	90	36.83	130.89	110.84	57.29	54.01	11.49	39.61	37.26	2.48	15.00	0.83	0.026	9.37	2.55	0.27
200	500	0	90	30.50	126.90	107.65	54.82	51.63	11.02	37.91	37.36	2.13	17.54	0.84	0.024	10.85	2.62	0.24
200	520	0	90	29.99	116.99	99.31	52.55	48.41	10.31	35.77	32.81	2.13	15.39	0.84	0.022	10.16	2.41	0.24
200	540	0	90	30.96	106.34	89.79	47.74	44.90	9.59	33.00	28.45	2.03	14.04	0.83	0.020	8.14	2.09	0.26
200	560	0	90	26.01	95.08	80.15	43.00	40.44	8.63	29.86	24.77	1.83	13.55	0.83	0.018	8.58	1.86	0.22
200	580	0	90	22.18	84.65	71.37	38.81	36.21	7.75	26.72	21.72	1.57	13.81	0.83	0.015	9.73	1.62	0.17
200	600	0	90	19.58	73.07	61.38	34.14	31.84	6.83	23.60	17.62	1.35	13.01	0.82	0.013	8.40	1.31	0.16
200	620	0	90	16.87	62.49	52.58	29.37	27.32	5.88	20.46	14.70	1.24	11.85	0.82	0.012	6.71	1.08	0.16
200	640	0	90	14.59	52.68	44.29	25.14	23.26	5.02	17.45	11.97	1.03	11.57	0.82	0.009	8.26	0.88	0.11
200	660	0	90	12.10	43.19	36.19	20.65	19.25	4.17	14.69	9.25	0.88	10.55	0.81	0.008	7.16	0.68	0.10
200	680	0	90	9.73	35.23	29.52	16.96	15.77	3.42	12.17	7.29	0.70	10.36	0.81	0.006	6.56	0.54	0.08
200	700	0	90	7.33	27.94	23.41	13.28	12.37	2.68	9.74	5.84	0.57	10.26	0.82	0.005	6.91	0.44	0.06
220	700	0	90	8.64	28.16	23.72	13.70	12.51	2.72	9.81	5.84	0.66	8.90	0.81	0.005	5.64	0.44	0.08
220	680	0	90	10.15	35.50	29.69	17.30	16.06	3.49	12.22	7.22	0.75	9.67	0.81	0.006	6.58	0.54	0.08
220	660	0	90	12.81	43.37	36.30	21.20	19.64	4.26	14.85	8.87	0.89	9.95	0.81	0.008	6.53	0.66	0.10
220	640	0	90	15.07	52.90	44.32	25.70	23.80	5.16	17.68	11.43	1.05	10.84	0.82	0.009	6.75	0.86	0.13
220	620	0	90	17.93	63.85	53.73	30.77	28.29	6.10	20.85	14.71	1.32	11.17	0.82	0.012	7.15	1.14	0.16
220	600	0	90	21.36	74.83	62.72	35.22	33.05	7.10	23.98	17.80	1.42	12.56	0.82	0.014	8.47	1.41	0.17
220	580	0	90	24.08	86.11	72.43	40.08	37.54	8.03	27.17	21.39	1.63	13.16	0.82	0.016	9.39	1.71	0.18
220	560	0	90	23.86	98.07	82.57	44.74	41.98	8.96	30.33	25.76	1.69	15.27	0.83	0.018	9.83	2.06	0.21
220	540	0	90	34.40	109.68	93.05	50.65	46.56	9.93	33.51	29.61	2.10	14.07	0.83	0.022	9.84	2.32	0.24
220	520	0	90	27.82	118.62	100.07	53.23	50.13	10.69	36.06	32.43	1.90	17.05	0.83	0.022	12.72	2.50	0.20
220	500	0	90	32.95	127.77	107.92	56.34	53.25	11.34	38.25	36.27	2.26	16.06	0.83	0.024	9.49	2.64	0.28
220	480	0	90	32.53	132.48	111.80	58.04	55.34	11.77	39.79	37.34	2.36	15.82	0.83	0.025	11.45	2.71	0.24
220	460	0	90	34.28	133.53	112.62	59.32	56.30	11.95	40.74	36.48	2.42	15.10	0.83	0.025	9.96	2.63	0.26
220	440	0	90	34.27	134.71	113.58	59.59	56.76	12.00	41.23	36.72	2.49	14.73	0.83	0.025	8.64	2.66	0.31
220	420	0	90	38.61	137.07	116.10	61.19	57.05	12.06	41.81	38.21	2.48	15.43	0.83	0.026	10.00	2.81	0.28
220	400	0	90	35.17	137.06	115.81	61.48	57.58	12.15	42.28	37.21	2.49	14.92	0.83	0.026	9.52	2.88	0.30
220	380	0	90	43.72	137.12	115.73	62.00	58.06	12.22	42.81	36.25	2.82	12.87	0.83	0.027	9.56	3.06	0.32
220	360	0	90	37.62	138.44	116.37	61.32	58.50	12.33	43.15	36.78	2.54	14.47	0.83	0.026	11.19	3.34	0.30
220	340	0	90	34.20	141.82	119.28	62.38	59.33	12.52	43.62	38.87	2.33	16.67	0.83	0.027	13.11	3.53	0.27
220	320	0	90	37.03	142.49	120.29	63.98	59.84	12.61	43.82	38.83	2.62	14.84	0.83	0.027	13.07	3.52	0.27
220	300	0	90	32.14	141.31	118.93	63.57	59.92	12.62	43.71	37.68	2.48	15.16	0.83	0.026	11.95	3.50	0.29
220	280	0	90	38.53	140.89	118.87	63.97	59.80	12.59	43.32	37.77	2.81	13.42	0.83	0.027	11.46	3.59	0.31
220	260	0	90	36.29	137.48	115.64	62.57	59.03	12.44	42.57	35.87	2.44	14.67	0.83	0.026	11.67	3.40	0.29
220	240	0	90	36.75	136.88	115.23	61.81	58.35	12.28	41.94	36.59	2.35	15.57	0.83	0.026	12.02	3.32	0.28
220	220	0	90	32.15	136.03	114.38	61.37	58.01	12.21	41.52	36.50	2.24	16.31	0.83	0.025	13.70	3.22	0.23
220	200	0	90	34.98	137.86	116.45	62.70	58.42	12.30	41.61	37.83	2.51	15.08	0.83	0.026	11.43	3.20	0.28
220	180	0	90	38.54	140.52	118.89	63.29	59.05	12.47	41.76	39.71	2.35	16.87	0.83	0.027	11.53	3.10	0.27
220	160	0	90	36.82	141.75	120.01	63.45	59.41	12.55	41.88	40.46	2.57	15.76	0.83	0.028	11.11	2.96	0.27
220	140	0	90	35.81	139.63	117.91	63.74	59.70	12.63	41.59	38.34	2.45	15.63	0.83	0.027	9.32	2.67	0.29
220	120	0	90	37.65	138.71	117.36	64.22	59.51	12.62	40.93	38.27	2.27	16.89	0.83	0.026	9.25	2.59	0.28
220	100	0	90	38.48	136.85	115.72	62.92	58.47	12.41	39.93	38.45	2.15	17.90	0.83	0.026	11.27	2.65	0.23
220	80	0	90	31.04	132.50	111.91	60.21	56.76	12.04	38.50	37.25	2.02	18.40	0.83	0.025	11.07	2.68	0.24
220	60	0	90	33.08	127.85	108.03	58.13	54.39	11.56	36.50	36.96	1.84	20.10	0.84	0.024	12.15	2.65	0.22
220	40	0	90	32.45	120.57	102.23	54.71	51.01	10.86	34.11	35.45	1.95	18.15	0.83	0.024	10.02	2.36	0.24
220	20	0	90	27.06	111.31	94.12	49.95	47.15	10.04	31.41	32.75	1.67	19.66	0.84	0.021	11.08	2.22	0.20
220	0	0	90	25.78	101.78	86.31	45.63	42.83	9.11	28.62	30.33	1.54	19.75	0.84	0.020	12.38	2.03	0.16
240	0	0	90	25.89	101.96	86.43	45.99	43.05	9.17	28.58	30.33	1.51	20.13	0.84	0.020	11.14	2.02	0.18
240	20	0	90	29.25	110.91	93.98	51.69	47.63	10.15	31.40	31.87	1.85	17.23	0.83	0.022	10.74	2.24	0.21
240	40	0	90	30.59	120.83	101.99	54.07	51.50	10.96	34.08	35.25	1.89	18.63	0.84	0.023	10.65	2.44	0.23
240	60	0	90	33.70	128.69	108.38	57.34	54.89	11.68	36.73	37.06	2.05	18.11	0.83	0.024	9.55	2.61	0.27
240	80	0	90	33.24	132.72	111.33	59.37	57.42	12.21	38.61	36.68	1.89	19.37	0.84	0.024	10.91	2.58	0.24
240	100	0	90	35.17	137.38	116.37	64.26	59.30	12.57	40.23	37.85	2.47	15.31	0.83	0.026	9.00	2.56	0.28
240	120	0	90	34.34	138.59	116.83	64.62	60.27	12.78	41.08	37.24	2.15	17.31	0.83	0.025	10.20	2.56	0.25
240	140	0	90	38.00	141.42	119.63	65.56	60.78	12.86	41.97	38.68	2.42	16.00	0.83	0.027	10.17	2.77	0.27
240	160	0	90	39.87	142.72	120.90	65.10	60.43	12.75	42.16	40.14	2.57	15.63	0.83	0.028	9.64	2.87	0.30
240	180	0	90	36.85	140.59	118.41	63.43	60.07	12.67	42.04	38.48	2.40	16.01	0.83	0.027	9.87	3.05	0.31
240	200	0	90	32.21	140.49	118.43	63.37	59.63	12.58	41.90	38.96	2.03	19.23	0.84	0.026	12.87	3.30	0.26
240	220	0	90	36.08	138.84	117.35	64.36	59.41	12.49	42.04	37.39	2.56	14.63	0.83	0.028	12.43	3.30	0.27
240	240	0	90	40.14	141.11	119.26	64.73	59.85	12.58	42.39	38.87	2.58	15.09	0.83	0.028	11.31	3.49	0.31
240	260	0	90	34.60	141.45	119.37	64.86	60.35	12.70	42.90	38.20	2.49	15.34	0.83	0.027	12.24	3.58	0.29
240	280	0	90	32.12	140.90	117.97	63.08	60.67	12.77	43.36	36.87	2.24	16.43	0.83	0.026	12.06	3.43	0.28
240	300	0	90	34.47	140.18	117.51	63.39	60.63	12.72	43.71	35.83	2.45	14.60	0.83	0.026	11.37	3.27	0.29
240	320	0	90	34.36	140.34	117.82	63.96	60.68	12.77	43.67	35.99	2.36	15.26	0.83	0.026	10.99	3.18	0.29
240	340	0	90	37.29	140.76	118.25	63.09	60.13	12.65	43.56	37.07	2.58	14.35	0.83	0.026	11.89	3.23	0.27
240	360	0	90	31.41	136.75	114.52	62.07	59.06	12.44	42.92	34.77	2.34	14.83	0.83	0.024	12.00	3.06	0.26
240	380	0	90	33.76	137.10	115.16	61.89	58.90	12.42	42.75	35.46	2.41	14.71	0.83	0.025	10.75	2.92	0.27
240	400	0	90	35.03	140.67	118.92	62.78	58.86	12.44	42.44	39.37	2.42	16.27	0.83	0.027	10.48	2.99	0.29
240	420	0	90	34.16	139.27	117.57	61.68	58.49	12.37	41.88	38.90	2.30	16.95	0.83	0.026	10.94	2.96	0.27
240	440	0	90	35.96	138.38	116.90	61.35	58.30	12.34	41.53	38.56	2.53	15.25	0.83	0.027	9.93	2.85	0.29
240	460	0	90	34.97	135.80	114.61	61.07	57.70	12.23	40.95	37.15	2.44	15.24	0.83	0.026	9.62	2.90	0.30
240	480	0	90	36.13	133.49	112.97	62.17	56.86	12.07	40.11	36.51	2.35	15.52	0.83	0.026	10.66	2.88	0.27
240	500	0	90	32.08	128.65	108.73	59.10	55.01	11.70	38.64	35.01	2.28	15.38	0.83	0.025	10.34	2.77	0.27
240	520	0	90	33.67	120.77	101.58	54.39	51.65	11.02	36.47	32.65	2.11	15.47	0.83	0.023	10.25	2.70	0.26
240	540	0	90	28.02	113.93	96.45	51.71	47.92	10.22	33.73	32.28	1.94	16.62	0.84	0.022	14.11	2.69	0.19
240	560	0	90	28.40	101.37	85.73	46.72	43.39	9.26	30.70	27.28	1.87	14.59	0.83	0.020	11.01	2.27	0.21
240	580	0	90	25.38	88.05	74.04	41.49	38.64	8.27	27.50	21.90	1.54	14.18	0.83	0.016	9.71	1.84	0.19
240	600	0	90	20.07	75.53	63.18	35.42	33.66	7.23	24.22	17.65	1.42	12.47	0.82	0.014	9.09	1.43	0.16
240	620	0	90	17.23	64.70	54.35	31.08	28.75	6.20	20.92	15.03	1.27	11.87	0.82	0.012	7.99	1.19	0.15
240	640	0	90	14.95	54.02	45.35	25.75	24.08	5.22	17.76	12.18	1.12	10.92	0.82	0.010	7.27	0.93	0.13
240	660	0	90	12.72	43.49	36.44	21.32	19.70	4.27	14.76	9.02	0.90	10.06	0.81	0.008	6.42	0.69	0.11
240	680	0	90	9.06	35.27	29.44	17.03	16.00	3.48	12.12	7.14	0.68	10.44	0.81	0.006	6.01	0.54	0.09
240	700	0	90	6.72	27.91	23.27	13.15	12.46	2.71	9.70	5.75	0.57	10.09	0.81	0.005	6.47	0.43	0.07
260	700	0	90	8.00	27.88	23.30	13.30	12.51	2.72	9.63	5.75	0.56	10.21	0.81	0.005	6.88	0.45	0.06
260	680	0	90	10.46	35.17	29.37	17.08	16.01	3.48	12.02	7.15	0.70	10.25	0.81	0.006	6.20	0.55	0.09
260	660	0	90	12.11	44.27	37.14	21.23	19.78	4.30	14.68	9.82	0.85	11.52	0.82	0.008	7.37	0.74	0.10
260	640	0	90	15.00	55.18	46.44	26.41	24.43	5.30	17.70	13.05	1.13	11.58	0.82	0.010	7.90	1.01	0.13
260	620	0	90	17.38	65.30	54.95	31.44	29.02	6.28	20.86	15.42	1.26	12.28	0.82	0.012	8.01	1.24	0.15
260	600	0	90	21.21	77.58	65.29	37.01	34.17	7.35	24.30	19.10	1.44	13.23	0.82	0.015	9.12	1.59	0.17
260	580	0	90	23.84	90.45	76.08	42.05	39.52	8.48	27.65	23.29	1.59	14.63	0.83	0.017	11.46	2.00	0.17
260	560	0	90	28.22	100.81	84.89	48.02	44.38	9.50	30.74	25.68	1.84	13.95	0.83	0.019	10.87	2.33	0.21
260	540	0	90	29.77	112.12	94.12	50.20	48.43	10.36	33.65	30.04	1.93	15.56	0.83	0.022	12.94	2.65	0.20
260	520	0	90	34.84	121.12	102.11	55.53	52.04	11.09	36.25	32.82	2.24	14.64	0.83	0.023	11.04	2.83	0.26
260	500	0	90	30.92	127.89	107.63	58.60	55.22	11.75	38.19	34.48	2.04	16.94	0.83	0.024	11.45	3.00	0.26
260	480	0	90	32.89	131.19	110.24	60.46	57.07	12.12	39.60	34.52	2.28	15.15	0.83	0.024	11.93	2.93	0.25
260	460	0	90	35.39	134.75	113.67	61.78	57.84	12.24	40.52	36.39	2.33	15.62	0.83	0.026	10.97	3.00	0.27
260	440	0	90	36.35	138.07	116.74	62.51	58.30	12.34	41.10	38.67	2.22	17.44	0.83	0.027	12.67	3.09	0.24
260	420	0	90	36.14	139.76	118.52	64.19	58.88	12.44	41.58	39.30	2.61	15.06	0.83	0.028	10.47	3.18	0.30
260	400	0	90	32.88	138.78	116.93	61.95	58.74	12.40	41.91	38.12	2.51	15.17	0.83	0.026	11.50	3.00	0.26
260	380	0	90	33.35	137.84	116.34	63.44	59.19	12.47	42.38	36.27	2.63	13.82	0.83	0.026	10.55	3.07	0.29
260	360	0	90	37.19	137.64	116.11	64.74	59.99	12.63	42.93	34.71	2.61	13.32	0.83	0.026	10.01	3.03	0.30
260	340	0	90	37.54	139.66	117.55	64.38	60.55	12.74	43.27	35.83	2.46	14.58	0.83	0.026	10.59	3.13	0.30
260	320	0	90	40.51	140.00	118.21	66.83	60.97	12.80	43.45	35.57	2.45	14.53	0.83	0.027	11.43	3.17	0.28
260	300	0	90	41.56	140.32	118.07	65.33	60.96	12.79	43.45	35.91	2.55	14.08	0.83	0.027	9.31	3.23	0.35
260	280	0	90	33.68	141.27	118.93	65.10	60.91	12.80	43.18	37.18	2.43	15.27	0.83	0.027	12.42	3.42	0.28
260	260	0	90	35.24	141.04	118.43	63.87	60.86	12.79	42.72	37.46	2.53	14.82	0.83	0.027	12.61	3.58	0.28
260	240	0	90	38.01	140.34	118.22	63.94	60.14	12.63	42.16	38.04	2.40	15.87	0.83	0.027	13.75	3.55	0.26
260	220	0	90	37.16	140.64	118.82	64.21	59.87	12.59	41.82	38.95	2.42	16.10	0.83	0.027	11.97	3.42	0.29
260	200	0	90	35.46	141.00	118.77	63.32	59.98	12.64	41.80	39.22	2.43	16.13	0.84	0.026	11.97	3.32	0.28
260	180	0	90	32.37	139.69	117.47	63.05	59.93	12.66	41.69	38.06	2.14	17.78	0.83	0.026	12.67	2.97	0.23
260	160	0	90	35.04	140.02	118.12	64.24	60.21	12.71	41.76	38.05	2.26	16.81	0.83	0.026	11.67	2.73	0.23
260	140	0	90	38.97	140.37	118.56	64.95	60.56	12.81	41.74	38.07	2.51	15.17	0.83	0.027	9.69	2.75	0.28
260	120	0	90	35.44	140.89	119.24	64.92	60.19	12.76	41.06	39.63	2.30	17.22	0.84	0.026	10.18	2.76	0.27
260	100	0	90	35.29	137.78	116.27	62.01	58.86	12.49	39.96	38.96	2.41	16.17	0.83	0.026	9.65	2.64	0.27
260	80	0	90	32.81	131.71	110.83	60.08	57.26	12.16	38.43	36.02	2.02	17.84	0.83	0.024	11.69	2.45	0.21
260	60	0	90	33.33	126.14	106.36	57.75	54.61	11.62	36.49	35.03	1.90	18.42	0.83	0.024	11.56	2.46	0.21
260	40	0	90	30.06	117.55	98.92	54.03	51.10	10.89	33.81	32.64	1.85	17.60	0.83	0.022	10.51	2.33	0.22
260	20	0	90	28.16	110.27	93.16	50.08	47.22	10.06	31.14	31.91	1.69	18.89	0.83	0.022	11.62	2.16	0.19
260	0	0	90	25.07	100.85	85.38	45.54	42.81	9.11	28.36	29.68	1.58	18.83	0.84	0.019	10.98	2.00	0.18
280	0	0	90	27.14	96.42	81.69	44.73	41.55	8.84	27.60	27.26	1.56	17.46	0.83	0.019	9.74	1.77	0.18
280	20	0	90	28.12	105.19	88.95	49.44	45.89	9.78	30.33	28.97	1.69	17.12	0.83	0.020	11.11	1.96	0.18
280	40	0	90	33.15	114.51	96.72	53.69	49.86	10.63	33.09	31.56	1.86	16.94	0.83	0.022	9.04	2.20	0.24
280	60	0	90	34.83	124.48	105.00	56.79	53.56	11.42	35.60	35.33	2.09	16.86	0.83	0.024	9.57	2.46	0.26
280	80	0	90	34.19	129.45	109.32	59.55	56.00	11.93	37.62	35.83	2.09	17.12	0.83	0.024	10.06	2.40	0.24
280	100	0	90	34.55	133.42	112.26	60.60	57.59	12.23	39.05	36.78	2.05	17.90	0.83	0.024	10.14	2.48	0.24
280	120	0	90	33.07	138.34	116.75	62.43	59.08	12.56	40.13	39.13	2.00	19.58	0.84	0.026	9.68	2.68	0.28
280	140	0	90	35.69	137.05	115.69	63.34	59.14	12.53	40.58	37.33	2.31	16.13	0.83	0.026	10.95	2.67	0.24
280	160	0	90	31.63	135.13	113.54	62.10	58.75	12.42	40.69	35.68	2.08	17.14	0.83	0.025	11.50	2.65	0.23
280	180	0	90	34.70	135.31	114.10	62.65	58.42	12.33	40.68	36.22	2.18	16.62	0.83	0.026	11.01	2.95	0.27
280	200	0	90	35.88	136.14	114.93	62.51	58.31	12.28	40.68	37.15	2.36	15.74	0.83	0.026	11.93	3.26	0.27
280	220	0	90	35.57	136.00	114.53	62.18	58.39	12.29	40.70	36.91	2.17	17.03	0.83	0.026	13.02	3.33	0.26
280	240	0	90	33.91	134.05	112.77	63.13	58.74	12.35	41.01	34.30	2.27	15.08	0.83	0.025	12.15	3.24	0.27
280	260	0	90	36.78	136.75	115.12	63.34	59.18	12.42	41.59	35.97	2.38	15.10	0.83	0.027	12.05	3.53	0.29
280	280	0	90	40.88	139.59	117.47	63.13	59.54	12.49	42.13	37.92	2.52	15.05	0.83	0.027	12.51	3.58	0.29
280	300	0	90	35.40	139.88	117.75	63.31	59.68	12.52	42.27	37.94	2.46	15.45	0.83	0.027	12.34	3.45	0.28
280	320	0	90	34.27	137.92	115.91	62.78	59.38	12.47	42.02	36.52	2.49	14.66	0.83	0.026	10.67	3.28	0.31
280	340	0	90	36.75	137.32	115.47	63.45	59.46	12.52	41.99	35.87	2.46	14.56	0.83	0.026	12.27	3.20	0.26
280	360	0	90	33.57	135.90	114.16	63.00	59.13	12.46	41.63	35.15	2.41	14.58	0.83	0.025	10.99	3.13	0.28
280	380	0	90	34.40	134.47	112.83	60.81	58.16	12.26	41.18	35.13	2.37	14.83	0.83	0.026	10.42	3.08	0.30
280	400	0	90	35.36	134.29	113.28	60.81	57.39	12.09	40.70	36.21	2.56	14.12	0.83	0.026	10.59	3.10	0.29
280	420	0	90	33.45	133.17	112.42	61.17	57.18	12.08	40.18	35.81	2.39	14.95	0.83	0.026	11.75	3.10	0.26
280	440	0	90	36.89	132.76	111.72	60.68	57.24	12.12	39.77	35.75	2.47	14.46	0.83	0.025	12.72	3.18	0.25
280	460	0	90	37.10	130.67	110.39	61.44	56.91	12.07	39.21	34.56	2.51	13.79	0.83	0.026	12.52	3.13	0.25
280	480	0	90	31.43	128.59	108.15	60.24	56.04	11.92	38.36	34.19	2.14	15.97	0.83	0.024	11.49	3.20	0.28
280	500	0	90	31.31	125.25	105.46	57.62	53.99	11.49	37.06	34.21	2.16	15.81	0.83	0.024	14.28	3.25	0.23
280	520	0	90	31.41	118.93	100.17	54.58	51.21	10.94	35.23	32.49	1.93	16.86	0.83	0.023	13.34	2.99	0.22
280	540	0	90	28.00	109.73	91.88	50.30	48.11	10.33	32.79	28.83	1.63	17.69	0.83	0.021	14.42	2.71	0.19
280	560	0	90	23.74	100.64	84.58	47.24	44.20	9.51	30.10	26.33	1.69	15.57	0.83	0.019	12.33	2.52	0.20
280	580	0	90	24.95	90.83	76.62	42.22	39.32	8.45	27.04	24.47	1.62	15.10	0.83	0.018	12.04	2.21	0.18
280	600	0	90	21.10	77.78	65.14	35.66	34.09	7.34	23.78	19.91	1.30	15.27	0.83	0.014	11.80	1.75	0.15
280	620	0	90	17.55	64.99	54.50	30.19	28.66	6.21	20.44	15.89	1.18	13.42	0.82	0.012	10.19	1.34	0.13
280	640	0	90	16.47	54.59	46.08	25.91	23.87	5.18	17.29	13.44	1.10	12.20	0.82	0.010	8.41	1.06	0.13
280	660	0	90	11.76	44.02	36.99	20.92	19.43	4.23	14.27	10.32	0.81	12.78	0.82	0.008	8.57	0.79	0.09
280	680	0	90	8.63	34.48	28.70	16.65	15.76	3.44	11.68	7.04	0.66	10.71	0.81	0.006	7.08	0.55	0.08
280	700	0	90	8.55	27.45	23.08	13.62	12.38	2.70	9.43	5.65	0.59	9.59	0.81	0.005	6.69	0.44	0.07
300	700	0	90	8.86	26.59	22.21	12.84	12.05	2.63	9.10	5.44	0.50	10.83	0.81	0.005	7.16	0.42	0.06
300	680	0	90	9.38	33.31	27.81	16.32	15.27	3.33	11.21	6.83	0.66	10.35	0.81	0.006	7.30	0.54	0.07
300	660	0	90	12.07	42.53	35.83	20.53	18.76	4.08	13.70	10.06	0.84	12.01	0.82	0.008	8.28	0.78	0.09
300	640	0	90	13.02	53.36	44.80	24.52	23.13	5.02	16.62	13.61	0.90	15.04	0.83	0.010	10.54	1.11	0.11
300	620	0	90	18.46	64.73	54.68	30.91	28.35	6.13	19.85	16.53	1.30	12.74	0.82	0.013	10.84	1.46	0.13
300	600	0	90	21.13	77.04	64.71	35.35	33.59	7.26	23.01	20.43	1.34	15.20	0.83	0.014	11.45	1.81	0.16
300	580	0	90	25.71	89.40	75.58	41.36	38.29	8.24	26.03	25.09	1.58	15.84	0.83	0.018	12.57	2.41	0.19
300	560	0	90	26.01	98.08	82.49	45.11	42.57	9.14	28.80	26.72	1.64	16.27	0.83	0.019	14.90	2.70	0.18
300	540	0	90	32.98	105.82	89.17	50.97	46.72	10.03	31.50	27.60	1.85	14.89	0.82	0.021	12.31	2.74	0.22
300	520	0	90	31.38	114.86	96.61	52.84	49.94	10.68	33.81	31.12	1.90	16.37	0.83	0.022	13.92	3.04	0.22
300	500	0	90	31.75	121.49	102.04	54.87	52.56	11.21	35.57	33.37	1.93	17.32	0.83	0.023	15.57	3.35	0.22
300	480	0	90	33.01	125.40	105.63	57.99	54.20	11.53	36.69	34.50	2.07	16.68	0.83	0.024	16.96	3.43	0.20
300	460	0	90	34.39	126.24	106.32	59.16	55.11	11.70	37.48	33.65	2.24	14.99	0.83	0.025	11.47	3.27	0.28
300	440	0	90	35.35	129.38	109.22	59.95	55.84	11.83	38.17	35.38	2.26	15.65	0.83	0.025	13.01	3.44	0.26
300	420	0	90	37.07	130.20	109.92	60.61	56.21	11.87	38.73	35.25	2.43	14.51	0.83	0.026	11.67	3.28	0.28
300	400	0	90	32.29	128.91	108.04	59.21	56.32	11.89	39.02	33.57	2.05	16.34	0.83	0.024	12.75	3.04	0.24
300	380	0	90	35.19	130.12	109.71	61.11	56.68	11.95	39.47	33.97	2.27	14.95	0.83	0.025	11.68	3.11	0.27
300	360	0	90	31.80	131.67	110.50	59.81	56.98	12.01	39.89	34.79	2.19	15.90	0.83	0.025	11.09	3.15	0.28
300	340	0	90	35.70	134.42	113.42	61.52	57.77	12.16	40.29	36.35	2.61	13.92	0.83	0.027	11.78	3.34	0.28
300	320	0	90	39.37	134.27	113.17	62.24	58.06	12.21	40.49	35.71	2.53	14.13	0.83	0.026	12.81	3.32	0.26
300	300	0	90	32.66	135.23	113.60	60.54	57.78	12.14	40.56	36.90	2.43	15.15	0.83	0.026	12.44	3.59	0.29
300	280	0	90	30.82	133.95	112.57	60.35	57.23	12.01	40.27	36.45	2.19	16.62	0.83	0.025	13.97	3.71	0.27
300	260	0	90	33.24	132.28	111.37	61.07	57.00	11.98	39.92	35.37	2.26	15.65	0.83	0.026	13.05	3.64	0.28
300	240	0	90	36.32	128.76	108.16	60.05	56.45	11.88	39.38	32.93	2.28	14.42	0.83	0.025	12.06	3.26	0.27
300	220	0	90	34.97	129.68	108.77	58.62	55.78	11.74	39.00	34.90	2.15	16.20	0.83	0.024	13.23	3.23	0.24
300	200	0	90	31.51	129.32	108.84	59.53	55.86	11.76	38.90	34.57	2.13	16.24	0.83	0.025	12.07	3.16	0.26
300	180	0	90	37.23	129.17	109.16	61.33	56.29	11.87	39.12	33.76	2.33	14.48	0.83	0.025	10.69	2.81	0.26
300	160	0	90	29.30	130.75	109.77	59.52	56.72	12.03	39.06	34.97	2.17	16.09	0.83	0.024	10.38	2.61	0.25
300	140	0	90	32.53	133.31	112.47	60.18	56.83	12.05	39.04	37.44	2.21	16.96	0.83	0.025	10.42	2.61	0.25
300	120	0	90	33.80	132.33	111.84	60.67	56.57	12.03	38.46	37.30	2.09	17.82	0.83	0.026	10.33	2.52	0.24
300	100	0	90	31.86	129.43	109.13	59.38	55.81	11.88	37.58	36.04	1.71	21.02	0.83	0.024	12.10	2.43	0.20
300	80	0	90	29.55	126.87	106.86	56.60	54.30	11.59	36.18	36.40	1.85	19.62	0.83	0.024	9.99	2.46	0.25
300	60	0	90	33.76	120.10	101.33	54.69	51.55	11.01	34.23	34.31	1.95	17.63	0.83	0.023	10.43	2.36	0.23
300	40	0	90	28.53	111.12	93.62	50.22	47.92	10.24	31.72	31.48	1.80	17.50	0.83	0.021	9.84	2.16	0.22
300	20	0	90	27.24	100.10	84.57	47.24	43.84	9.35	29.11	27.15	1.63	16.68	0.83	0.019	10.59	1.88	0.18
300	0	0	90	23.80	90.17	75.88	42.37	39.82	8.49	26.52	23.82	1.42	16.75	0.83	0.017	9.75	1.62	0.17
320	0	0	90	20.98	85.55	71.93	39.88	37.76	8.07	25.18	22.61	1.31	17.29	0.83	0.016	9.79	1.55	0.16
320	20	0	90	26.95	95.04	80.41	44.77	41.34	8.82	27.63	26.07	1.55	16.82	0.83	0.018	9.95	1.83	0.18
320	40	0	90	28.34	104.80	88.68	48.58	45.11	9.63	30.10	29.59	1.62	18.29	0.83	0.020	10.40	2.05	0.20
320	60	0	90	30.74	112.80	95.29	52.43	48.65	10.40	32.40	31.75	1.71	18.52	0.83	0.021	9.76	2.14	0.22
320	80	0	90	28.38	120.72	102.16	55.08	51.50	11.02	34.35	34.88	1.57	22.20	0.84	0.023	10.27	2.28	0.22
320	100	0	90	33.64	125.53	106.28	57.05	53.38	11.38	35.88	36.28	1.95	18.64	0.83	0.024	10.17	2.39	0.24
320	120	0	90	36.53	127.43	107.71	57.75	54.29	11.56	36.73	36.42	2.28	15.97	0.83	0.025	9.71	2.49	0.26
320	140	0	90	35.55	128.14	108.73	59.33	54.41	11.57	37.17	36.55	2.01	18.19	0.83	0.025	12.31	2.62	0.21
320	160	0	90	35.60	125.13	105.46	58.06	54.23	11.50	37.19	33.71	2.07	16.26	0.83	0.024	11.38	2.50	0.22
320	180	0	90	30.06	123.31	103.94	57.72	53.62	11.35	37.05	32.63	2.03	16.10	0.83	0.023	10.77	2.62	0.24
320	200	0	90	32.07	123.42	103.95	56.66	53.17	11.22	36.76	33.48	2.02	16.59	0.83	0.023	12.85	2.95	0.23
320	220	0	90	33.73	124.19	104.34	55.89	53.28	11.22	36.95	33.97	1.99	17.10	0.83	0.024	12.04	3.15	0.26
320	240	0	90	34.29	125.16	105.58	57.66	53.70	11.33	37.21	34.25	2.21	15.46	0.83	0.025	13.72	3.39	0.25
320	260	0	90	33.90	126.43	106.46	57.42	54.19	11.41	37.60	34.64	2.05	16.92	0.83	0.025	14.17	3.56	0.25
320	280	0	90	32.14	129.04	108.95	58.67	54.70	11.54	38.09	36.26	2.05	17.72	0.84	0.025	16.60	3.75	0.23
320	300	0	90	36.00	130.08	109.67	58.46	55.02	11.59	38.39	36.67	2.30	15.96	0.83	0.026	13.12	3.60	0.27
320	320	0	90	35.91	130.71	110.32	59.87	55.84	11.77	38.50	36.37	2.02	17.96	0.83	0.025	14.08	3.45	0.25
320	340	0	90	37.96	129.46	109.31	60.24	55.88	11.80	38.40	35.18	2.10	16.72	0.83	0.025	12.44	3.28	0.26
320	360	0	90	33.75	127.75	107.67	58.33	54.92	11.58	37.84	34.99	2.07	16.89	0.83	0.025	15.62	3.21	0.21
320	380	0	90	32.71	125.93	106.24	59.43	54.83	11.59	37.51	33.59	2.20	15.26	0.83	0.024	13.01	3.05	0.23
320	400	0	90	32.00	126.01	105.90	58.01	54.68	11.58	37.20	34.13	1.95	17.50	0.83	0.024	14.00	3.09	0.22
320	420	0	90	35.35	127.03	107.37	59.02	54.55	11.58	36.89	35.59	2.06	17.25	0.83	0.025	15.13	3.43	0.23
320	440	0	90	35.19	124.87	105.35	57.10	53.54	11.37	36.22	35.11	2.23	15.76	0.83	0.025	13.97	3.47	0.25
320	460	0	90	34.17	122.17	103.05	56.37	52.67	11.18	35.46	34.04	2.30	14.83	0.83	0.024	12.52	3.37	0.27
320	480	0	90	36.19	120.32	101.60	56.11	52.20	11.12	34.85	33.28	2.28	14.63	0.83	0.024	13.55	3.36	0.25
320	500	0	90	32.85	115.97	97.72	54.18	50.73	10.85	33.69	31.55	1.97	16.05	0.83	0.023	16.96	3.33	0.20
320	520	0	90	29.41	110.08	92.52	51.12	47.93	10.28	32.05	30.10	1.70	17.70	0.83	0.022	16.73	3.04	0.18
320	540	0	90	30.08	101.74	85.71	47.99	44.51	9.57	29.73	27.50	1.73	15.91	0.83	0.020	13.49	2.77	0.21
320	560	0	90	24.53	93.61	78.88	43.37	40.63	8.74	27.20	25.78	1.57	16.46	0.83	0.019	15.21	2.64	0.17
320	580	0	90	24.23	84.67	71.42	39.10	36.54	7.88	24.51	23.62	1.37	17.27	0.83	0.017	14.61	2.30	0.16
320	600	0	90	19.54	73.81	62.17	33.96	32.02	6.92	21.70	20.09	1.10	18.24	0.83	0.014	14.08	1.90	0.13
320	620	0	90	16.87	63.33	53.45	29.14	27.25	5.90	18.79	17.30	1.07	16.20	0.83	0.012	14.69	1.61	0.11
320	640	0	90	13.43	52.72	44.37	23.89	22.65	4.91	15.90	14.17	0.89	15.84	0.83	0.010	12.25	1.24	0.10
320	660	0	90	9.57	40.47	33.68	19.18	18.34	3.99	13.11	9.03	0.70	12.84	0.82	0.007	9.12	0.74	0.08
320	680	0	90	8.47	32.02	26.70	15.75	14.76	3.22	10.76	6.50	0.62	10.44	0.81	0.006	7.09	0.51	0.07
320	700	0	90	8.05	25.76	21.60	12.89	11.78	2.57	8.75	5.22	0.58	9.05	0.81	0.005	5.99	0.41	0.07
340	700	0	90	5.96	24.74	20.65	12.36	11.46	2.50	8.32	4.97	0.47	10.56	0.81	0.004	7.12	0.39	0.05
340	680	0	90	8.12	30.59	25.57	15.33	14.20	3.09	10.20	6.19	0.57	10.84	0.81	0.005	6.60	0.49	0.07
340	660	0	90	9.08	38.55	32.12	18.97	17.76	3.85	12.50	8.28	0.68	12.16	0.82	0.007	8.67	0.69	0.08
340	640	0	90	11.77	49.73	41.68	22.80	21.73	4.71	14.95	13.05	0.77	16.89	0.83	0.009	13.50	1.22	0.09
340	620	0	90	15.20	59.94	50.41	27.34	25.93	5.62	17.66	16.35	0.86	18.90	0.83	0.011	17.04	1.52	0.09
340	600	0	90	18.60	69.39	58.36	32.03	30.33	6.56	20.36	18.69	1.13	16.55	0.83	0.013	12.05	1.70	0.14
340	580	0	90	20.21	79.95	67.45	37.02	34.57	7.46	23.02	22.36	1.31	17.04	0.84	0.016	14.51	2.22	0.15
340	560	0	90	21.78	90.88	76.46	40.64	38.91	8.40	25.64	26.33	1.29	20.37	0.84	0.017	17.46	2.70	0.15
340	540	0	90	26.70	97.68	82.35	45.64	42.46	9.14	27.94	27.28	1.65	16.57	0.83	0.019	15.53	2.83	0.18
340	520	0	90	28.70	104.92	88.23	48.10	45.45	9.77	30.00	29.47	1.57	18.72	0.84	0.020	14.64	2.99	0.20
340	500	0	90	32.46	109.65	92.29	50.77	47.97	10.27	31.66	30.01	1.83	16.43	0.83	0.022	15.01	3.21	0.21
340	480	0	90	30.86	112.09	93.67	50.99	49.58	10.58	32.64	29.87	1.86	16.02	0.83	0.022	14.62	3.04	0.21
340	460	0	90	29.67	115.96	97.77	54.19	50.49	10.75	33.36	32.10	1.84	17.44	0.83	0.023	14.43	3.18	0.22
340	440	0	90	30.15	118.91	100.27	54.25	51.09	10.87	34.07	33.74	1.79	18.83	0.84	0.023	17.07	3.39	0.20
340	420	0	90	33.90	122.93	104.02	55.96	51.96	11.04	34.82	36.15	2.00	18.05	0.84	0.025	14.57	3.49	0.24
340	400	0	90	31.66	121.43	102.32	55.58	52.26	11.07	35.18	33.99	1.86	18.24	0.83	0.024	13.52	3.11	0.23
340	380	0	90	30.45	121.60	102.43	56.06	52.31	11.06	35.37	33.92	2.00	16.97	0.83	0.023	14.03	3.19	0.23
340	360	0	90	32.70	122.44	103.38	56.17	52.59	11.13	35.81	34.04	2.06	16.53	0.83	0.024	14.66	3.17	0.22
340	340	0	90	30.64	123.25	103.63	56.05	53.12	11.22	35.99	34.14	1.71	19.92	0.84	0.023	13.34	3.25	0.24
340	320	0	90	33.08	123.76	103.92	55.53	52.95	11.18	36.27	34.54	2.01	17.18	0.84	0.023	13.49	3.41	0.25
340	300	0	90	33.07	122.61	103.50	55.62	52.23	11.02	36.03	34.35	2.09	16.41	0.83	0.025	14.29	3.46	0.24
340	280	0	90	31.11	121.45	102.28	54.60	51.67	10.91	35.65	34.13	2.05	16.67	0.83	0.024	13.86	3.43	0.25
340	260	0	90	31.57	120.99	101.88	53.58	51.25	10.82	35.34	34.40	2.13	16.12	0.83	0.024	13.85	3.44	0.25
340	240	0	90	34.08	120.76	102.29	55.01	51.10	10.80	35.12	34.54	1.95	17.72	0.83	0.025	17.01	3.38	0.20
340	220	0	90	30.84	118.80	100.52	55.51	51.03	10.79	34.93	32.84	2.01	16.30	0.83	0.023	12.80	3.13	0.24
340	200	0	90	28.35	117.80	99.04	53.33	50.62	10.71	34.78	32.40	1.85	17.51	0.83	0.022	13.59	2.83	0.21
340	180	0	90	29.05	117.95	99.70	54.21	50.61	10.73	34.92	32.42	1.97	16.45	0.83	0.023	10.86	2.59	0.24
340	160	0	90	31.49	118.34	100.01	55.45	51.20	10.88	35.03	32.11	2.17	14.77	0.83	0.022	10.18	2.51	0.25
340	140	0	90	27.39	119.88	100.93	54.43	51.65	11.00	34.94	33.29	1.70	19.58	0.84	0.022	10.72	2.41	0.22
340	120	0	90	29.31	121.56	102.67	54.22	51.45	10.98	34.56	35.55	1.84	19.27	0.84	0.023	9.67	2.47	0.26
340	100	0	90	33.62	118.67	100.49	53.40	50.25	10.77	33.58	34.84	1.86	18.74	0.83	0.023	9.85	2.27	0.23
340	80	0	90	29.85	112.26	94.99	52.04	48.45	10.38	32.25	31.56	1.75	18.06	0.83	0.022	9.39	2.11	0.23
340	60	0	90	25.62	106.16	89.50	48.25	45.53	9.76	30.28	30.36	1.66	18.25	0.83	0.020	10.61	2.05	0.19
340	40	0	90	26.01	97.62	82.51	44.54	41.84	8.94	28.01	27.77	1.49	18.63	0.83	0.019	11.40	1.89	0.17
340	20	0	90	24.42	88.79	74.86	40.72	38.33	8.20	25.68	24.78	1.45	17.06	0.83	0.017	10.27	1.74	0.17
340	0	0	90	21.63	80.08	67.20	37.42	35.52	7.60	23.58	20.98	1.37	15.28	0.83	0.015	9.86	1.48	0.15
360	0	0	90	22.55	74.71	62.90	35.43	33.17	7.10	22.05	19.48	1.25	15.64	0.83	0.014	10.13	1.39	0.14
360	20	0	90	22.66	83.30	70.29	38.65	36.14	7.74	24.09	23.06	1.30	17.78	0.83	0.016	11.53	1.62	0.14
360	40	0	90	24.78	91.75	77.65	42.13	39.35	8.43	26.20	26.20	1.47	17.87	0.83	0.018	11.54	1.78	0.15
360	60	0	90	26.03	100.82	85.42	45.20	42.46	9.10	28.31	30.04	1.58	19.02	0.84	0.020	12.31	2.05	0.17
360	80	0	90	33.87	107.79	91.62	48.97	45.25	9.71	30.19	32.34	1.71	18.92	0.83	0.022	10.39	2.22	0.21
360	100	0	90	29.85	110.89	94.16	50.92	47.13	10.11	31.51	32.25	1.71	18.90	0.83	0.022	10.56	2.17	0.21
360	120	0	90	29.68	114.27	96.51	50.56	48.05	10.25	32.34	33.88	1.58	21.49	0.84	0.022	10.05	2.33	0.23
360	140	0	90	29.92	112.46	95.16	52.43	48.17	10.27	32.72	31.57	1.76	17.96	0.83	0.021	11.76	2.28	0.19
360	160	0	90	28.06	109.98	92.90	51.65	47.62	10.12	32.62	29.74	1.91	15.57	0.83	0.021	11.61	2.34	0.20
360	180	0	90	27.73	108.98	91.55	49.81	47.18	10.01	32.40	29.40	1.71	17.15	0.83	0.021	11.16	2.45	0.22
360	200	0	90	26.30	111.07	93.48	49.62	47.38	10.03	32.40	31.29	1.83	17.13	0.83	0.022	13.87	2.76	0.20
360	220	0	90	33.22	112.26	95.16	52.41	47.81	10.12	32.62	31.83	1.96	16.21	0.83	0.023	16.18	3.05	0.19
360	240	0	90	29.36	112.08	94.80	52.03	47.95	10.15	32.64	31.49	1.85	17.00	0.83	0.022	14.56	3.06	0.21
360	260	0	90	27.09	113.68	95.76	50.69	47.90	10.14	32.80	32.99	1.73	19.11	0.84	0.022	14.51	3.24	0.22
360	280	0	90	31.51	115.07	97.14	51.02	48.36	10.21	33.25	33.46	2.01	16.62	0.84	0.023	14.53	3.34	0.23
360	300	0	90	27.51	115.91	97.46	51.47	49.18	10.40	33.55	33.18	1.75	18.92	0.84	0.022	16.30	3.37	0.21
360	320	0	90	27.46	114.97	96.81	53.30	49.88	10.55	33.61	31.48	1.64	19.17	0.83	0.022	16.14	3.16	0.20
360	340	0	90	32.37	115.11	97.03	53.38	50.00	10.58	33.61	31.50	2.06	15.27	0.83	0.023	13.24	3.05	0.23
360	360	0	90	29.82	114.65	96.75	52.86	49.38	10.44	33.29	31.98	1.78	17.93	0.83	0.022	13.36	2.93	0.22
360	380	0	90	30.88	113.98	96.22	52.58	49.20	10.40	33.00	31.78	1.91	16.60	0.83	0.023	12.05	2.96	0.25
360	400	0	90	27.73	113.69	95.41	51.29	49.00	10.37	32.73	31.96	1.87	17.06	0.83	0.022	16.93	3.17	0.19
360	420	0	90	28.83	112.05	94.32	52.65	49.06	10.41	32.33	30.66	1.80	17.02	0.84	0.021	15.16	2.90	0.19
360	440	0	90	34.00	111.50	94.27	52.53	48.41	10.29	31.83	31.26	1.86	16.77	0.83	0.023	13.02	3.03	0.23
360	460	0	90	29.14	108.59	91.56	51.30	47.54	10.12	31.08	29.96	1.57	19.10	0.83	0.021	15.81	2.91	0.18
360	480	0	90	25.71	106.68	89.29	47.82	46.46	9.92	30.27	29.95	1.60	18.73	0.84	0.020	14.58	3.00	0.21
360	500	0	90	25.10	103.49	87.11	48.34	45.09	9.66	29.32	29.08	1.65	17.61	0.83	0.021	17.60	3.14	0.18
360	520	0	90	29.21	98.63	83.47	46.63	42.80	9.17	27.90	27.93	1.63	17.15	0.83	0.020	15.83	3.05	0.19
360	540	0	90	24.02	91.76	77.20	42.58	40.02	8.61	26.01	25.73	1.46	17.59	0.83	0.018	15.67	2.69	0.17
360	560	0	90	21.16	85.89	72.30	38.04	36.42	7.85	23.84	25.63	1.26	20.35	0.84	0.017	17.27	2.66	0.15
360	580	0	90	18.85	76.14	64.24	34.36	32.35	6.97	21.38	22.41	1.16	19.30	0.84	0.015	17.00	2.26	0.13
360	600	0	90	16.30	65.00	54.62	29.95	28.41	6.14	18.84	17.75	1.01	17.63	0.83	0.012	13.32	1.65	0.12
360	620	0	90	15.11	55.07	46.47	26.48	24.48	5.30	16.41	14.17	0.92	15.42	0.83	0.011	11.77	1.27	0.11
360	640	0	90	12.95	45.63	38.42	22.10	20.38	4.40	13.93	11.32	0.83	13.64	0.82	0.009	11.00	1.08	0.10
360	660	0	90	9.11	35.82	29.83	17.79	16.69	3.62	11.61	7.52	0.60	12.46	0.82	0.006	8.78	0.64	0.07
360	680	0	90	7.62	28.87	24.02	14.34	13.50	2.94	9.57	5.80	0.53	10.99	0.81	0.005	7.72	0.47	0.06
360	700	0	90	6.60	23.75	19.90	12.28	11.16	2.44	7.89	4.71	0.47	10.02	0.81	0.004	5.99	0.37	0.06
380	700	0	90	6.37	22.16	18.48	11.26	10.42	2.28	7.33	4.40	0.42	10.46	0.81	0.004	7.29	0.35	0.05
380	680	0	90	7.29	27.19	22.66	13.75	12.79	2.79	8.94	5.46	0.53	10.30	0.81	0.005	7.14	0.44	0.06
380	660	0	90	8.73	33.77	28.16	16.83	15.74	3.41	10.79	7.23	0.60	12.15	0.82	0.006	8.63	0.61	0.07
380	640	0	90	11.47	42.74	35.86	20.51	19.22	4.15	12.98	10.55	0.74	14.35	0.82	0.008	10.01	0.93	0.09
380	620	0	90	13.50	50.61	42.58	24.77	23.02	4.98	15.23	12.35	0.91	13.52	0.82	0.010	9.37	1.06	0.11
380	600	0	90	14.13	59.09	49.26	27.48	26.54	5.74	17.39	15.17	0.91	16.70	0.83	0.011	13.70	1.48	0.11
380	580	0	90	17.83	70.03	58.86	31.54	30.09	6.49	19.76	20.18	1.02	19.87	0.84	0.014	16.20	2.11	0.13
380	560	0	90	18.57	78.87	66.53	36.27	33.87	7.29	21.94	23.06	1.19	19.43	0.84	0.016	16.89	2.42	0.14
380	540	0	90	22.11	83.46	70.02	39.66	37.25	8.02	24.00	22.21	1.33	16.66	0.83	0.016	14.44	2.23	0.15
380	520	0	90	23.84	90.65	76.12	42.58	40.05	8.60	25.78	24.81	1.44	17.19	0.83	0.018	16.52	2.67	0.16
380	500	0	90	26.55	96.25	80.96	44.98	42.16	9.02	27.04	27.04	1.48	18.32	0.84	0.019	14.87	2.84	0.19
380	480	0	90	23.90	98.24	82.50	46.12	43.40	9.26	27.94	26.91	1.54	17.47	0.83	0.019	14.30	2.66	0.19
380	460	0	90	28.33	99.76	84.01	47.69	44.33	9.44	28.64	26.79	1.64	16.33	0.83	0.020	13.22	2.54	0.19
380	440	0	90	32.73	104.67	88.57	48.98	45.31	9.64	29.44	29.92	1.83	16.36	0.83	0.021	12.69	2.89	0.23
380	420	0	90	24.24	103.85	86.78	47.33	45.95	9.77	29.83	28.06	1.46	19.19	0.83	0.019	22.18	2.70	0.12
380	400	0	90	27.03	105.18	88.54	49.16	46.12	9.78	30.39	28.67	1.66	17.31	0.83	0.021	15.33	2.72	0.18
380	380	0	90	31.74	104.57	87.77	49.01	46.07	9.77	30.50	28.00	1.65	16.96	0.83	0.020	13.96	2.66	0.19
380	360	0	90	26.46	105.43	88.43	48.50	46.14	9.78	30.67	28.62	1.78	16.11	0.83	0.020	12.96	2.68	0.21
380	340	0	90	28.64	105.66	88.94	50.18	46.65	9.88	30.99	28.01	1.82	15.37	0.83	0.021	12.34	2.72	0.22
380	320	0	90	27.35	106.90	89.85	49.13	46.41	9.83	31.06	29.43	1.79	16.43	0.83	0.021	12.93	2.88	0.22
380	300	0	90	27.34	108.10	90.93	47.77	45.79	9.69	30.94	31.38	1.62	19.41	0.84	0.021	15.98	3.13	0.20
380	280	0	90	28.79	106.74	90.45	48.62	45.16	9.55	30.60	30.98	1.64	18.94	0.83	0.022	14.23	3.16	0.22
380	260	0	90	28.41	104.71	88.50	47.87	44.49	9.40	30.23	29.99	1.69	17.77	0.83	0.021	15.09	2.95	0.20
380	240	0	90	28.04	103.75	87.71	47.69	44.27	9.36	30.05	29.43	1.69	17.40	0.83	0.021	14.71	2.82	0.19
380	220	0	90	26.22	104.06	88.15	47.57	44.06	9.31	29.98	30.02	1.61	18.61	0.84	0.021	14.45	2.73	0.19
380	200	0	90	25.82	102.42	86.23	46.20	43.88	9.29	29.89	28.66	1.59	18.00	0.84	0.019	13.55	2.51	0.18
380	180	0	90	27.39	100.63	84.81	47.32	44.03	9.33	29.91	26.69	1.74	15.31	0.83	0.019	10.72	2.22	0.21
380	160	0	90	28.42	100.37	84.49	47.20	44.16	9.38	30.02	26.19	1.80	14.57	0.83	0.019	9.57	2.00	0.21
380	140	0	90	26.98	105.70	89.51	47.86	44.53	9.47	30.07	31.10	1.63	19.09	0.84	0.020	11.29	2.15	0.19
380	120	0	90	28.43	106.31	90.29	47.56	44.36	9.46	29.82	32.13	1.67	19.27	0.84	0.021	11.45	2.13	0.19
380	100	0	90	27.91	102.71	87.02	46.37	43.38	9.28	29.01	30.31	1.59	19.04	0.83	0.020	11.25	1.99	0.18
380	80	0	90	27.97	99.11	84.16	45.08	41.81	8.97	27.75	29.55	1.54	19.18	0.84	0.020	12.43	2.02	0.16
380	60	0	90	23.43	93.49	79.16	41.75	39.44	8.47	26.15	27.90	1.37	20.42	0.84	0.018	12.32	1.98	0.16
380	40	0	90	24.85	84.94	71.99	39.30	36.47	7.81	24.29	24.18	1.35	17.88	0.83	0.017	10.15	1.71	0.17
380	20	0	90	20.10	75.37	63.51	35.83	33.35	7.14	22.23	19.79	1.26	15.71	0.83	0.014	9.40	1.37	0.15
380	0	0	90	18.47	68.80	57.85	32.36	30.53	6.52	20.33	17.94	1.08	16.65	0.83	0.013	10.40	1.23	0.12
400	0	0	90	16.67	62.33	52.44	30.04	27.97	5.98	18.64	15.72	1.04	15.11	0.83	0.011	10.20	1.13	0.11
400	20	0	90	17.82	68.94	57.96	32.32	30.55	6.54	20.38	18.01	1.10	16.38	0.83	0.013	9.82	1.22	0.12
400	40	0	90	22.42	77.31	65.46	36.23	33.59	7.20	22.27	21.45	1.28	16.75	0.83	0.015	10.38	1.46	0.14
400	60	0	90	21.41	84.76	71.45	38.45	36.46	7.83	24.04	24.26	1.29	18.79	0.84	0.016	10.53	1.69	0.16
400	80	0	90	24.51	89.93	76.05	40.94	38.52	8.26	25.57	25.84	1.40	18.45	0.83	0.017	9.68	1.72	0.18
400	100	0	90	23.79	93.36	79.02	42.90	39.99	8.56	26.67	26.71	1.45	18.41	0.83	0.018	10.18	1.70	0.17
400	120	0	90	23.42	97.45	82.51	43.28	40.92	8.74	27.36	29.18	1.47	19.85	0.84	0.018	10.29	1.86	0.18
400	140	0	90	25.20	97.27	82.27	44.00	41.32	8.80	27.67	28.28	1.50	18.81	0.84	0.019	10.61	1.92	0.18
400	160	0	90	25.14	93.04	78.41	44.25	40.98	8.72	27.63	24.43	1.58	15.45	0.83	0.018	9.41	1.76	0.19
400	180	0	90	23.46	92.30	77.59	43.16	40.67	8.63	27.53	24.11	1.54	15.68	0.83	0.017	10.92	1.88	0.17
400	200	0	90	26.32	93.55	78.99	43.72	40.62	8.60	27.51	25.42	1.55	16.40	0.83	0.018	12.04	2.10	0.17
400	220	0	90	24.68	93.00	78.34	43.40	40.54	8.58	27.42	25.04	1.55	16.19	0.83	0.018	11.03	2.14	0.19
400	240	0	90	23.33	94.07	79.24	43.21	40.64	8.60	27.46	25.98	1.52	17.13	0.83	0.018	12.74	2.27	0.18
400	260	0	90	25.09	95.01	80.19	43.90	40.90	8.65	27.66	26.44	1.52	17.41	0.83	0.019	14.12	2.46	0.17
400	280	0	90	26.49	94.95	80.07	44.86	41.57	8.80	27.95	25.43	1.60	15.89	0.83	0.019	13.91	2.51	0.18
400	300	0	90	26.27	96.54	81.37	44.93	42.12	8.90	28.27	26.15	1.64	15.90	0.83	0.019	13.74	2.51	0.18
400	320	0	90	23.86	96.41	80.95	45.09	42.61	9.02	28.36	25.44	1.57	16.25	0.83	0.018	13.38	2.40	0.18
400	340	0	90	24.88	95.96	80.59	45.74	42.81	9.06	28.24	24.91	1.56	15.99	0.83	0.018	13.44	2.35	0.17
400	360	0	90	24.89	96.79	81.43	45.53	42.53	9.00	28.03	26.23	1.54	16.99	0.83	0.018	13.36	2.40	0.18
400	380	0	90	25.30	95.65	80.26	44.96	42.49	8.99	27.97	25.18	1.48	17.07	0.83	0.018	13.43	2.37	0.18
400	400	0	90	25.65	95.93	80.79	45.92	42.54	9.00	27.84	25.55	1.59	16.10	0.83	0.018	14.18	2.35	0.17
400	420	0	90	23.37	94.26	79.00	44.95	42.31	8.98	27.47	24.49	1.40	17.54	0.83	0.017	15.67	2.27	0.14
400	440	0	90	23.91	94.28	79.12	44.02	41.76	8.88	26.97	25.55	1.53	16.70	0.83	0.018	12.41	2.32	0.19
400	460	0	90	23.55	91.60	76.90	44.18	41.19	8.77	26.38	24.03	1.43	16.85	0.83	0.017	14.56	2.18	0.15
400	480	0	90	23.41	89.33	75.10	43.25	40.24	8.59	25.68	23.40	1.42	16.51	0.83	0.017	11.93	2.10	0.18
400	500	0	90	25.19	88.54	74.71	42.28	39.21	8.39	24.91	24.42	1.46	16.76	0.83	0.018	14.64	2.37	0.16
400	520	0	90	19.06	82.48	69.23	40.11	37.24	7.99	23.68	21.55	1.21	17.80	0.83	0.016	16.27	2.21	0.14
400	540	0	90	21.09	76.50	64.05	36.83	34.72	7.47	22.10	19.69	1.26	15.63	0.83	0.015	11.71	1.92	0.16
400	560	0	90	18.78	71.36	60.22	34.02	31.61	6.80	20.24	19.51	1.17	16.62	0.83	0.014	14.51	1.94	0.13
400	580	0	90	19.09	63.04	53.05	30.25	28.10	6.05	18.19	16.75	1.04	16.17	0.83	0.013	13.80	1.62	0.12
400	600	0	90	14.51	54.19	45.28	26.17	24.74	5.34	16.08	13.37	0.86	15.48	0.83	0.010	12.42	1.21	0.10
400	620	0	90	12.93	45.94	38.37	22.46	21.13	4.56	13.97	10.84	0.79	13.69	0.82	0.008	10.16	0.94	0.09
400	640	0	90	10.42	39.23	32.83	18.82	17.79	3.84	11.93	9.51	0.65	14.60	0.82	0.007	10.41	0.79	0.08
400	660	0	90	8.05	31.68	26.47	15.40	14.50	3.14	9.95	7.22	0.54	13.29	0.82	0.006	10.23	0.58	0.06
400	680	0	90	6.28	25.21	20.97	12.61	11.85	2.58	8.23	5.14	0.47	10.90	0.81	0.004	7.88	0.40	0.05
400	700	0	90	5.80	20.52	17.13	10.39	9.64	2.11	6.78	4.10	0.41	9.99	0.81	0.004	6.96	0.32	0.05
420	700	0	90	4.93	18.61	15.50	9.27	8.71	1.91	6.14	3.76	0.37	10.23	0.81	0.003	7.63	0.30	0.04
420	680	0	90	6.62	22.73	19.05	11.50	10.55	2.30	7.42	4.76	0.44	10.85	0.81	0.004	7.72	0.37	0.05
420	660	0	90	8.30	29.17	24.51	14.05	13.10	2.84	9.07	6.99	0.55	12.66	0.82	0.005	8.78	0.53	0.06
420	640	0	90	10.98	35.89	30.27	17.49	16.11	3.49	10.87	8.91	0.68	13.04	0.82	0.007	9.56	0.70	0.07
420	620	0	90	11.75	41.81	35.04	20.59	19.24	4.15	12.77	9.80	0.75	13.01	0.82	0.008	8.82	0.79	0.09
420	600	0	90	12.60	49.29	41.17	23.72	22.54	4.87	14.69	12.06	0.89	13.55	0.82	0.009	10.55	1.00	0.09
420	580	0	90	16.96	56.55	47.72	27.81	25.53	5.50	16.57	14.45	1.10	13.09	0.82	0.011	10.84	1.30	0.12
420	560	0	90	17.83	63.90	53.61	30.22	28.56	6.14	18.38	16.96	1.03	16.44	0.83	0.012	15.47	1.55	0.10
420	540	0	90	17.37	68.46	57.09	33.19	31.47	6.77	19.98	17.00	1.05	16.14	0.83	0.012	14.55	1.59	0.11
420	520	0	90	21.31	74.52	62.34	35.96	33.97	7.29	21.57	18.98	1.19	15.95	0.83	0.014	14.20	1.79	0.13
420	500	0	90	20.63	78.97	66.39	38.26	35.57	7.61	22.68	20.72	1.25	16.57	0.83	0.015	12.82	1.84	0.14
420	480	0	90	21.59	80.50	67.57	39.11	36.59	7.81	23.32	20.59	1.27	16.17	0.83	0.015	11.21	1.68	0.15
420	460	0	90	21.85	81.15	67.88	39.92	37.47	8.00	23.83	19.84	1.25	15.90	0.82	0.015	10.80	1.67	0.15
420	440	0	90	23.81	84.01	70.44	40.03	37.95	8.07	24.40	21.66	1.43	15.19	0.82	0.016	10.68	1.82	0.17
420	420	0	90	21.54	84.92	71.21	40.58	38.31	8.14	24.76	21.85	1.43	15.23	0.83	0.016	11.43	1.83	0.16
420	400	0	90	22.15	85.03	71.27	40.67	38.30	8.11	25.09	21.64	1.37	15.82	0.83	0.016	12.38	1.91	0.15
420	380	0	90	21.04	84.61	70.70	40.43	38.26	8.11	25.20	21.15	1.32	15.98	0.83	0.015	11.80	1.91	0.16
420	360	0	90	22.76	85.69	71.93	41.34	38.58	8.17	25.36	21.75	1.41	15.46	0.83	0.016	11.23	1.93	0.17
420	340	0	90	21.66	85.89	71.82	40.40	38.55	8.17	25.49	21.85	1.36	16.07	0.83	0.016	13.39	1.92	0.14
420	320	0	90	22.35	85.60	71.74	41.17	38.66	8.20	25.58	21.37	1.38	15.49	0.83	0.016	12.13	1.91	0.16
420	300	0	90	22.56	84.73	71.21	41.22	38.15	8.08	25.51	21.07	1.44	14.68	0.83	0.016	11.50	1.93	0.17
420	280	0	90	21.80	84.53	70.95	39.96	37.50	7.94	25.29	21.73	1.44	15.12	0.83	0.016	13.15	2.02	0.15
420	260	0	90	22.50	83.28	69.96	39.64	37.01	7.84	24.95	21.33	1.41	15.18	0.83	0.016	12.07	1.87	0.16
420	240	0	90	21.17	83.06	69.71	38.87	36.75	7.79	24.71	21.59	1.38	15.61	0.83	0.015	11.71	1.78	0.15
420	220	0	90	19.36	81.86	68.59	38.97	36.70	7.79	24.70	20.46	1.23	16.64	0.83	0.015	11.16	1.68	0.15
420	200	0	90	20.69	81.97	68.69	38.58	36.52	7.76	24.81	20.65	1.35	15.29	0.83	0.015	10.39	1.64	0.16
420	180	0	90	21.33	83.46	70.06	38.76	36.62	7.80	24.92	21.92	1.43	15.28	0.83	0.015	9.21	1.59	0.17
420	160	0	90	20.64	84.08	70.71	39.55	37.10	7.92	25.05	21.93	1.36	16.15	0.83	0.015	8.42	1.51	0.18
420	140	0	90	23.28	86.37	72.99	40.09	37.30	7.96	25.13	23.95	1.39	17.17	0.83	0.016	9.82	1.63	0.17
420	120	0	90	23.88	87.36	73.90	39.46	37.17	7.95	24.89	25.29	1.38	18.31	0.83	0.017	9.75	1.65	0.17
420	100	0	90	23.24	82.64	69.91	39.27	36.20	7.75	24.15	22.29	1.40	15.91	0.83	0.016	9.54	1.45	0.15
420	80	0	90	20.51	79.79	67.33	37.31	34.91	7.50	23.19	21.69	1.25	17.32	0.83	0.015	10.30	1.42	0.14
420	60	0	90	19.78	74.65	62.56	34.69	33.06	7.10	21.82	19.78	1.15	17.15	0.83	0.013	10.42	1.33	0.13
420	40	0	90	18.16	69.08	58.12	32.32	30.48	6.54	20.20	18.39	1.04	17.65	0.83	0.013	11.70	1.24	0.11
420	20	0	90	19.17	62.45	52.45	29.66	27.93	5.98	18.59	15.92	1.17	13.60	0.82	0.012	7.59	1.09	0.14
420	0	0	90	16.44	55.75	46.94	27.84	25.50	5.45	16.96	13.29	1.09	12.24	0.82	0.010	8.26	0.96	0.12
440	0	0	90	11.94	48.34	40.36	24.35	22.55	4.85	15.01	10.79	0.74	14.57	0.82	0.009	8.45	0.78	0.09
440	20	0	90	14.64	54.09	45.14	25.68	24.71	5.30	16.52	12.87	0.95	13.60	0.82	0.010	8.40	0.94	0.11
440	40	0	90	18.02	60.21	50.79	29.32	27.04	5.81	18.07	15.10	1.08	13.98	0.82	0.012	8.98	1.06	0.12
440	60	0	90	18.21	65.31	54.86	30.80	29.05	6.24	19.40	16.87	1.15	14.72	0.83	0.012	9.90	1.17	0.12
440	80	0	90	17.50	69.16	58.22	32.60	30.56	6.57	20.51	18.09	1.09	16.65	0.83	0.013	9.66	1.24	0.13
440	100	0	90	18.30	72.73	61.18	33.39	31.75	6.82	21.42	19.55	1.18	16.52	0.83	0.013	9.60	1.31	0.14
440	120	0	90	19.56	74.44	62.71	34.23	32.52	6.97	21.99	19.93	1.31	15.18	0.83	0.014	8.81	1.32	0.15
440	140	0	90	19.51	74.24	62.67	35.66	32.77	7.01	22.26	19.21	1.27	15.16	0.83	0.014	9.01	1.29	0.14
440	160	0	90	18.54	73.28	61.49	34.45	32.63	6.98	22.21	18.44	1.13	16.30	0.83	0.013	9.54	1.27	0.13
440	180	0	90	19.69	73.10	61.65	34.92	32.25	6.88	22.13	18.72	1.36	13.76	0.82	0.014	8.98	1.30	0.14
440	200	0	90	21.33	72.39	61.08	34.69	32.06	6.82	22.00	18.33	1.33	13.74	0.82	0.014	8.99	1.34	0.15
440	220	0	90	19.57	71.85	60.42	34.86	32.23	6.86	21.97	17.65	1.29	13.69	0.82	0.013	9.70	1.40	0.14
440	240	0	90	17.00	71.36	59.63	34.11	32.36	6.87	21.91	17.10	1.18	14.51	0.83	0.013	9.57	1.40	0.15
440	260	0	90	19.77	72.14	60.42	34.81	32.67	6.93	22.08	17.38	1.27	13.70	0.82	0.013	10.98	1.49	0.14
440	280	0	90	17.58	71.46	59.49	34.41	32.80	6.96	22.19	16.48	1.10	15.00	0.82	0.012	10.34	1.43	0.14
440	300	0	90	18.14	72.22	60.27	35.58	33.26	7.06	22.42	16.54	1.18	13.97	0.82	0.013	11.39	1.48	0.13
440	320	0	90	19.34	73.01	60.96	35.95	33.61	7.13	22.57	16.83	1.19	14.15	0.82	0.013	10.50	1.50	0.14
440	340	0	90	18.42	73.77	61.61	36.13	33.85	7.19	22.52	17.40	1.11	15.61	0.82	0.013	11.35	1.54	0.14
440	360	0	90	20.08	74.10	61.95	35.67	33.76	7.16	22.40	17.94	1.24	14.49	0.82	0.014	10.95	1.54	0.14
440	380	0	90	19.30	72.33	60.54	35.71	33.32	7.05	22.17	16.84	1.18	14.23	0.82	0.013	10.52	1.41	0.13
440	400	0	90	19.98	72.96	61.05	35.45	33.18	7.04	22.08	17.69	1.29	13.76	0.82	0.013	9.95	1.48	0.15
440	420	0	90	20.39	74.13	62.07	35.33	33.32	7.08	21.90	18.90	1.32	14.33	0.83	0.014	11.13	1.55	0.14
440	440	0	90	17.78	72.67	60.94	35.57	33.14	7.06	21.49	18.04	1.10	16.34	0.83	0.013	11.41	1.47	0.13
440	460	0	90	18.49	71.79	60.31	35.22	32.78	7.00	21.12	17.89	1.14	15.69	0.82	0.014	12.25	1.48	0.12
440	480	0	90	20.48	70.59	59.28	34.50	32.22	6.88	20.66	17.71	1.16	15.25	0.83	0.013	11.20	1.43	0.13
440	500	0	90	16.66	66.82	55.76	33.20	31.11	6.66	19.93	15.77	1.02	15.53	0.82	0.012	10.74	1.38	0.13
440	520	0	90	16.91	63.77	53.30	31.72	29.69	6.37	19.00	15.09	1.03	14.71	0.82	0.012	10.92	1.31	0.12
440	540	0	90	15.91	59.19	49.36	29.27	27.54	5.92	17.73	13.92	0.96	14.56	0.82	0.010	10.42	1.22	0.12
440	560	0	90	16.91	55.02	46.17	26.94	25.06	5.38	16.30	13.66	1.06	12.93	0.82	0.011	9.23	1.14	0.12
440	580	0	90	11.15	49.08	40.83	23.58	22.60	4.87	14.64	11.84	0.79	15.03	0.83	0.009	11.99	0.96	0.08
440	600	0	90	10.75	42.53	35.63	20.95	19.50	4.21	12.95	10.07	0.72	14.02	0.82	0.008	9.56	0.79	0.08
440	620	0	90	9.69	36.65	30.78	17.78	16.59	3.58	11.22	8.84	0.62	14.17	0.82	0.007	9.42	0.68	0.07
440	640	0	90	8.08	31.19	26.15	14.73	13.93	3.02	9.53	7.73	0.59	13.12	0.83	0.006	8.76	0.57	0.07
440	660	0	90	7.71	25.46	21.37	12.09	11.39	2.48	7.98	6.09	0.49	12.32	0.82	0.005	7.67	0.44	0.06
440	680	0	90	5.80	20.17	16.86	10.07	9.36	2.05	6.59	4.22	0.41	10.29	0.81	0.004	6.87	0.33	0.05
440	700	0	90	4.57	16.53	13.80	8.34	7.69	1.69	5.47	3.37	0.31	11.00	0.81	0.003	6.66	0.26	0.04
460	700	0	90	3.61	14.25	11.86	6.89	6.49	1.42	4.77	2.98	0.28	10.81	0.82	0.002	7.47	0.24	0.03
460	680	0	90	4.58	17.43	14.58	8.65	8.06	1.76	5.74	3.63	0.35	10.29	0.81	0.003	7.38	0.28	0.04
460	660	0	90	6.02	21.40	17.91	10.20	9.64	2.10	6.89	4.88	0.41	12.02	0.82	0.004	7.66	0.36	0.05
460	640	0	90	7.14	26.54	22.31	12.76	11.86	2.58	8.25	6.43	0.43	14.87	0.82	0.005	8.42	0.46	0.06
460	620	0	90	9.28	31.59	26.63	15.29	14.11	3.06	9.67	7.81	0.61	12.89	0.82	0.006	7.99	0.58	0.07
460	600	0	90	10.54	36.42	30.71	17.85	16.31	3.52	11.12	8.99	0.63	14.35	0.82	0.007	8.42	0.66	0.08
460	580	0	90	11.27	41.01	34.26	19.90	18.69	4.02	12.57	9.74	0.68	14.25	0.82	0.007	9.98	0.75	0.08
460	560	0	90	12.38	45.67	38.21	22.54	21.03	4.51	13.95	10.69	0.78	13.70	0.82	0.008	9.75	0.85	0.09
460	540	0	90	11.82	50.58	42.45	24.88	23.16	4.97	15.24	12.18	0.84	14.56	0.82	0.009	11.24	0.93	0.08
460	520	0	90	13.31	53.16	44.37	26.39	24.74	5.31	16.30	12.13	0.86	14.15	0.82	0.010	8.56	0.97	0.11
460	500	0	90	16.50	55.78	46.68	28.22	26.22	5.61	17.15	12.42	1.02	12.14	0.81	0.010	7.61	0.99	0.13
460	480	0	90	14.83	58.00	48.39	28.63	27.01	5.77	17.71	13.27	0.87	15.23	0.82	0.010	8.69	1.06	0.12
460	460	0	90	17.42	60.21	50.51	29.92	27.65	5.91	18.17	14.38	1.05	13.67	0.82	0.011	8.95	1.14	0.13
460	440	0	90	16.27	61.21	51.24	29.41	27.82	5.94	18.45	14.94	1.06	14.14	0.82	0.011	9.61	1.17	0.12
460	420	0	90	17.53	60.83	50.92	29.42	27.61	5.87	18.66	14.55	1.02	14.21	0.82	0.011	10.30	1.14	0.11
460	400	0	90	14.38	60.28	50.16	28.92	27.60	5.87	18.76	13.91	0.97	14.41	0.82	0.010	10.11	1.11	0.11
460	380	0	90	13.26	60.88	50.85	30.15	28.20	5.99	19.01	13.67	0.95	14.37	0.82	0.011	9.27	1.10	0.12
460	360	0	90	16.05	61.14	51.04	30.39	28.44	6.05	19.22	13.49	0.94	14.31	0.82	0.011	12.07	1.11	0.09
460	340	0	90	17.52	60.79	50.60	30.50	28.62	6.08	19.35	12.82	1.11	11.54	0.81	0.011	9.31	1.09	0.12
460	320	0	90	16.76	60.10	50.11	30.27	28.18	5.99	19.24	12.68	1.04	12.15	0.82	0.010	10.33	1.10	0.11
460	300	0	90	16.89	60.35	50.56	30.48	28.04	5.97	19.26	13.05	1.23	10.59	0.81	0.011	8.06	1.08	0.13
460	280	0	90	14.35	60.21	50.26	30.03	27.99	5.96	19.13	13.09	1.01	13.00	0.81	0.011	8.77	1.07	0.12
460	260	0	90	16.57	59.52	49.79	29.78	27.70	5.89	19.03	12.79	1.13	11.37	0.81	0.011	8.44	1.06	0.13
460	240	0	90	15.50	58.79	48.79	28.85	27.43	5.85	18.83	12.52	0.83	15.17	0.82	0.010	9.94	1.01	0.10
460	220	0	90	13.50	59.13	49.07	28.03	27.17	5.79	18.82	13.15	0.98	13.45	0.82	0.010	8.61	1.02	0.12
460	200	0	90	15.26	60.72	50.77	28.53	27.08	5.79	18.86	14.78	0.94	15.64	0.83	0.011	9.35	1.05	0.11
460	180	0	90	17.51	61.83	52.19	29.55	27.25	5.83	19.05	15.54	1.19	13.03	0.82	0.012	7.99	1.05	0.13
460	160	0	90	15.11	61.51	51.58	29.31	27.40	5.88	19.05	15.05	0.95	15.83	0.83	0.011	7.74	0.99	0.13
460	140	0	90	15.97	61.12	51.36	29.73	27.53	5.91	19.13	14.46	1.06	13.68	0.82	0.011	8.15	0.97	0.12
460	120	0	90	16.57	60.25	50.39	29.11	27.45	5.90	18.87	13.92	1.15	12.14	0.82	0.011	8.21	0.96	0.12
460	100	0	90	15.57	59.39	49.76	28.51	26.86	5.79	18.35	14.19	0.94	15.09	0.82	0.011	7.88	0.97	0.12
460	80	0	90	13.48	57.04	47.69	27.12	25.78	5.55	17.66	13.60	0.98	13.93	0.82	0.010	10.57	0.94	0.09
460	60	0	90	16.12	54.19	45.69	26.92	24.54	5.28	16.73	12.92	1.10	11.69	0.82	0.010	6.87	0.91	0.13
460	40	0	90	11.40	49.75	41.52	24.08	22.78	4.90	15.53	11.44	0.74	15.39	0.82	0.008	8.58	0.84	0.10
460	20	0	90	10.80	45.00	37.51	22.13	20.84	4.47	14.23	9.93	0.74	13.36	0.82	0.008	7.92	0.71	0.09
460	0	0	90	11.35	40.23	33.59	20.33	18.87	4.06	12.95	8.41	0.73	11.59	0.81	0.007	7.13	0.60	0.08
480	0	0	90	8.27	32.55	27.17	16.07	15.11	3.26	10.74	6.69	0.57	11.71	0.81	0.006	6.59	0.47	0.07
480	20	0	90	10.01	36.14	30.22	17.97	16.74	3.60	11.84	7.57	0.72	10.49	0.81	0.006	6.19	0.54	0.09
480	40	0	90	9.79	39.50	32.90	19.24	18.27	3.93	12.86	8.36	0.71	11.84	0.82	0.007	7.34	0.60	0.08
480	60	0	90	10.28	42.46	35.38	20.63	19.50	4.19	13.77	9.19	0.73	12.51	0.82	0.007	7.70	0.66	0.09
480	80	0	90	11.57	44.89	37.47	22.20	20.66	4.45	14.59	9.65	0.78	12.42	0.82	0.008	7.02	0.69	0.10
480	100	0	90	12.38	46.71	38.92	22.95	21.59	4.65	15.22	9.90	0.87	11.33	0.81	0.008	7.22	0.70	0.10
480	120	0	90	13.02	47.76	39.87	23.39	21.93	4.71	15.63	10.20	0.88	11.62	0.82	0.008	7.16	0.72	0.10
480	140	0	90	12.37	48.19	40.12	23.07	21.98	4.71	15.83	10.38	0.85	12.20	0.82	0.008	7.29	0.73	0.10
480	160	0	90	13.44	48.67	40.81	23.71	22.03	4.72	15.84	10.79	0.93	11.62	0.82	0.009	6.81	0.76	0.11
480	180	0	90	13.07	47.98	40.22	23.77	21.88	4.69	15.75	10.34	0.86	12.01	0.82	0.009	7.77	0.75	0.10
480	200	0	90	12.44	47.62	39.79	23.20	21.75	4.65	15.69	10.18	0.90	11.33	0.81	0.008	7.62	0.76	0.10
480	220	0	90	13.25	47.91	39.97	23.35	21.95	4.68	15.70	10.26	0.88	11.72	0.81	0.008	7.64	0.77	0.10
480	240	0	90	12.51	48.11	40.12	23.62	22.22	4.73	15.77	10.13	0.90	11.27	0.81	0.008	7.03	0.76	0.11
480	260	0	90	12.34	48.56	40.53	24.15	22.49	4.78	15.86	10.22	0.91	11.24	0.81	0.008	7.98	0.79	0.10
480	280	0	90	12.14	48.82	40.58	24.19	22.79	4.86	15.95	10.08	0.74	13.58	0.82	0.008	8.13	0.79	0.10
480	300	0	90	12.38	49.03	40.83	24.33	22.91	4.89	16.04	10.08	0.91	11.08	0.81	0.008	7.83	0.80	0.10
480	320	0	90	12.31	48.95	40.88	24.99	22.98	4.89	16.05	9.92	0.90	11.02	0.81	0.008	6.53	0.79	0.12
480	340	0	90	13.02	49.13	40.83	24.39	23.12	4.91	16.14	9.88	0.91	10.81	0.81	0.008	7.36	0.78	0.11
480	360	0	90	13.46	49.11	40.74	24.24	23.15	4.93	16.04	9.92	0.94	10.59	0.81	0.008	8.03	0.79	0.10
480	380	0	90	11.12	49.08	40.82	24.02	22.86	4.87	15.79	10.43	0.81	12.82	0.81	0.008	8.35	0.83	0.10
480	400	0	90	10.93	48.43	40.22	23.74	22.41	4.78	15.57	10.45	0.79	13.21	0.82	0.008	8.71	0.82	0.09
480	420	0	90	10.66	47.76	39.56	23.16	22.32	4.76	15.35	10.09	0.82	12.25	0.82	0.008	8.37	0.81	0.10
480	440	0	90	11.77	47.69	39.77	23.74	22.30	4.76	15.22	10.17	0.77	13.15	0.82	0.008	8.71	0.80	0.09
480	460	0	90	13.59	47.54	39.74	23.80	22.21	4.74	15.03	10.30	0.88	11.70	0.82	0.009	6.96	0.79	0.11
480	480	0	90	12.22	46.37	38.68	23.04	21.62	4.60	14.61	10.14	0.81	12.55	0.82	0.008	7.96	0.77	0.10
480	500	0	90	11.14	44.74	37.26	22.05	20.88	4.46	14.09	9.77	0.75	13.03	0.82	0.008	8.08	0.74	0.09
480	520	0	90	11.14	42.68	35.49	20.83	19.87	4.25	13.39	9.42	0.71	13.24	0.82	0.007	7.85	0.72	0.09
480	540	0	90	10.76	39.87	33.35	19.91	18.53	3.97	12.55	8.78	0.72	12.28	0.81	0.007	8.90	0.67	0.08
480	560	0	90	9.29	36.97	30.91	17.95	16.91	3.63	11.53	8.53	0.66	12.99	0.82	0.007	8.49	0.64	0.08
480	580	0	90	8.04	33.51	28.16	16.12	15.07	3.24	10.42	8.02	0.55	14.59	0.82	0.006	8.10	0.58	0.07
480	600	0	90	8.07	29.87	25.13	14.56	13.40	2.89	9.25	7.22	0.55	13.09	0.82	0.005	8.28	0.51	0.06
480	620	0	90	6.34	25.82	21.64	12.18	11.49	2.48	8.09	6.23	0.44	14.13	0.82	0.005	8.74	0.44	0.05
480	640	0	90	5.63	21.47	17.96	10.27	9.67	2.09	6.91	4.90	0.39	12.58	0.82	0.004	8.06	0.36	0.05
480	660	0	90	4.78	17.76	14.87	8.73	8.09	1.76	5.82	3.84	0.35	10.90	0.81	0.003	7.42	0.29	0.04
480	680	0	90	3.75	14.59	12.17	7.03	6.63	1.44	4.87	3.09	0.28	10.85	0.81	0.003	7.00	0.24	0.03
480	700	0	90	2.98	12.18	10.15	5.75	5.51	1.20	4.06	2.62	0.22	11.89	0.82	0.002	7.50	0.21	0.03
500	700	0	90	2.75	10.38	8.69	4.99	4.66	1.01	3.44	2.28	0.20	11.16	0.82	0.002	7.75	0.18	0.02
500	680	0	90	3.12	12.33	10.34	6.02	5.59	1.22	4.09	2.65	0.25	10.58	0.81	0.002	7.39	0.21	0.03
500	660	0	90	4.32	14.62	12.31	7.30	6.63	1.43	4.86	3.13	0.32	9.87	0.81	0.003	7.43	0.25	0.03
500	640	0	90	5.06	17.41	14.58	8.55	7.93	1.71	5.71	3.77	0.33	11.49	0.82	0.003	7.21	0.29	0.04
500	620	0	90	5.62	20.37	17.05	10.04	9.33	2.01	6.65	4.39	0.39	11.34	0.81	0.004	7.70	0.34	0.04
500	600	0	90	6.69	23.45	19.61	11.59	10.78	2.32	7.60	5.07	0.44	11.66	0.81	0.004	7.87	0.39	0.05
500	580	0	90	7.19	26.44	22.20	13.35	12.20	2.62	8.53	5.71	0.49	11.69	0.81	0.005	6.79	0.43	0.06
500	560	0	90	7.54	28.81	23.94	14.08	13.41	2.88	9.34	6.06	0.56	10.80	0.81	0.005	7.96	0.46	0.06
500	540	0	90	9.49	31.01	25.92	15.76	14.48	3.10	10.11	6.41	0.59	10.87	0.81	0.006	7.85	0.49	0.06
500	520	0	90	8.39	32.88	27.32	16.44	15.44	3.29	10.77	6.67	0.65	10.25	0.81	0.006	7.17	0.52	0.07
500	500	0	90	9.91	34.53	28.85	17.40	16.14	3.44	11.32	7.07	0.67	10.60	0.81	0.006	7.31	0.55	0.07
500	480	0	90	9.85	35.70	29.76	17.82	16.67	3.55	11.75	7.28	0.67	10.84	0.81	0.006	7.55	0.56	0.07
500	460	0	90	9.96	36.29	30.21	18.06	16.93	3.61	12.04	7.32	0.74	9.86	0.81	0.006	6.94	0.57	0.08
500	440	0	90	9.77	36.49	30.36	18.12	17.00	3.62	12.20	7.28	0.67	10.93	0.81	0.006	6.36	0.57	0.09
500	420	0	90	9.15	36.84	30.68	18.40	17.15	3.65	12.34	7.36	0.66	11.22	0.81	0.006	7.80	0.57	0.07
500	400	0	90	9.60	37.38	30.98	18.23	17.44	3.72	12.52	7.42	0.63	11.73	0.81	0.006	7.34	0.58	0.08
500	380	0	90	10.26	38.10	31.74	19.02	17.76	3.78	12.77	7.56	0.68	11.06	0.81	0.007	7.44	0.59	0.08
500	360	0	90	9.31	38.21	31.68	18.55	17.77	3.78	12.84	7.60	0.66	11.43	0.81	0.006	7.95	0.60	0.07
500	340	0	90	9.61	38.33	31.88	18.91	17.78	3.78	12.91	7.64	0.70	10.91	0.81	0.007	7.37	0.59	0.08
500	320	0	90	10.13	38.68	32.23	19.52	18.05	3.85	12.99	7.63	0.75	10.11	0.81	0.007	6.81	0.59	0.09
500	300	0	90	9.24	38.66	32.22	19.55	18.07	3.86	12.99	7.60	0.69	10.99	0.81	0.006	7.05	0.58	0.08
500	280	0	90	11.34	38.34	32.04	19.14	17.74	3.77	12.96	7.64	0.76	10.02	0.81	0.007	6.88	0.59	0.09
500	260	0	90	9.97	37.97	31.65	18.64	17.50	3.73	12.81	7.66	0.68	11.27	0.81	0.006	8.17	0.59	0.07
500	240	0	90	11.27	37.71	31.56	18.75	17.30	3.69	12.74	7.67	0.74	10.35	0.81	0.007	7.12	0.59	0.08
500	220	0	90	9.14	37.57	31.29	18.38	17.25	3.69	12.69	7.63	0.67	11.32	0.81	0.006	7.20	0.58	0.08
500	200	0	90	9.07	37.66	31.32	18.34	17.35	3.72	12.73	7.58	0.65	11.58	0.81	0.006	6.50	0.57	0.09
500	180	0	90	10.72	37.74	31.43	18.41	17.36	3.73	12.76	7.62	0.72	10.52	0.81	0.006	6.76	0.57	0.08
500	160	0	90	10.63	37.85	31.71	18.91	17.41	3.75	12.81	7.63	0.76	10.08	0.81	0.007	6.51	0.57	0.09
500	140	0	90	9.72	37.54	31.45	18.79	17.21	3.70	12.71	7.63	0.73	10.48	0.81	0.007	7.26	0.57	0.08
500	120	0	90	9.83	37.20	30.93	17.99	17.12	3.68	12.56	7.52	0.69	10.97	0.81	0.006	6.78	0.55	0.08
500	100	0	90	10.05	36.51	30.51	18.25	16.84	3.62	12.25	7.41	0.70	10.65	0.81	0.006	6.57	0.54	0.08
500	80	0	90	9.75	34.94	29.23	17.36	16.15	3.48	11.72	7.06	0.65	10.83	0.81	0.006	6.76	0.52	0.08
500	60	0	90	8.64	33.10	27.51	16.19	15.33	3.30	11.07	6.70	0.57	11.85	0.81	0.005	6.93	0.49	0.07
500	40	0	90	9.06	31.11	26.03	15.56	14.39	3.09	10.42	6.30	0.64	9.92	0.81	0.006	6.44	0.47	0.07
500	20	0	90	7.03	28.33	23.56	13.90	13.11	2.82	9.54	5.68	0.51	11.13	0.82	0.005	6.75	0.42	0.06
500	0	0	90	6.45	25.76	21.44	12.65	11.87	2.55	8.70	5.18	0.50	10.47	0.81	0.004	6.20	0.39	0.06
