Cordonnées 				Energie	Flux de photons	Efficience YPF	UVA-BLEU :	BLEU élargi	BLEU strict	VERT	ROUGE CLAIR	ROUGE SOMBRE	RC/RS	PHI =	TETA =	ZETA =	RC	RS 
X	Y	Azimut	Elévation	300-1100 nm	400-700 nm	(yield photon flux)	350-500 nm	400-500 nm	445-455 nm	500-600 nm	600-700 nm	700-800 nm	600-700 /700-800 nm		(Sager et al. 1988)	655-665/725-735 nm	655-665 nm	725-735 nm
0	0	0	0	0.67	2.91	2.50	0.73	0.73	0.18	1.48	0.70	0.07	10.31	0.83	0.000	5.24	0.05	0.01
0	50	0	0	0.82	3.46	2.98	0.87	0.87	0.22	1.76	0.83	0.09	9.11	0.83	0.001	5.02	0.06	0.01
0	100	0	0	1.05	4.64	4.00	1.17	1.16	0.29	2.36	1.13	0.12	9.50	0.83	0.001	5.17	0.08	0.02
0	150	0	0	1.43	6.27	5.40	1.56	1.56	0.38	3.17	1.54	0.17	9.13	0.83	0.001	4.99	0.12	0.02
0	200	0	0	1.91	8.33	7.18	2.07	2.06	0.51	4.21	2.06	0.23	9.12	0.83	0.001	5.09	0.15	0.03
0	250	0	0	2.74	11.97	10.31	2.97	2.96	0.73	6.04	2.97	0.33	8.90	0.83	0.002	5.00	0.22	0.04
0	300	0	0	3.38	14.83	12.79	3.67	3.66	0.90	7.47	3.70	0.43	8.65	0.83	0.003	5.01	0.28	0.06
0	350	0	0	3.76	16.57	14.29	4.09	4.08	1.00	8.34	4.15	0.48	8.65	0.83	0.003	4.97	0.31	0.06
0	400	0	0	3.75	16.44	14.18	4.05	4.03	1.00	8.29	4.12	0.48	8.63	0.83	0.003	4.96	0.31	0.06
0	450	0	0	3.38	14.80	12.76	3.64	3.63	0.90	7.47	3.70	0.43	8.67	0.83	0.003	4.98	0.28	0.06
0	500	0	0	2.79	12.19	10.51	3.02	3.01	0.75	6.15	3.03	0.35	8.77	0.83	0.002	5.01	0.23	0.05
0	550	0	0	2.16	9.44	8.13	2.35	2.34	0.59	4.77	2.33	0.26	8.94	0.83	0.002	5.06	0.18	0.03
0	600	0	0	1.60	7.00	6.02	1.75	1.75	0.44	3.53	1.72	0.19	9.01	0.83	0.001	5.06	0.13	0.03
0	650	0	0	1.36	5.93	5.10	1.49	1.48	0.37	2.99	1.45	0.16	9.09	0.83	0.001	5.09	0.11	0.02
0	700	0	0	0.97	4.23	3.64	1.07	1.07	0.27	2.14	1.03	0.11	9.48	0.83	0.001	5.14	0.08	0.01
0	750	0	0	0.72	3.16	2.72	0.80	0.80	0.20	1.60	0.76	0.08	9.86	0.83	0.001	5.18	0.06	0.01
0	800	0	0	0.56	2.41	2.07	0.61	0.61	0.15	1.22	0.58	0.06	10.33	0.83	0.000	5.27	0.04	0.01
50	800	0	0	0.56	2.41	2.07	0.61	0.61	0.15	1.22	0.58	0.06	10.18	0.83	0.000	5.30	0.04	0.01
50	750	0	0	0.72	3.12	2.68	0.79	0.79	0.20	1.58	0.75	0.08	9.83	0.83	0.001	5.19	0.06	0.01
50	700	0	0	1.01	4.39	3.78	1.11	1.10	0.28	2.22	1.07	0.11	9.31	0.83	0.001	5.13	0.08	0.02
50	650	0	0	1.43	6.25	5.38	1.57	1.56	0.39	3.16	1.53	0.17	9.09	0.83	0.001	5.05	0.11	0.02
50	600	0	0	2.42	10.63	9.16	2.62	2.62	0.66	5.37	2.64	0.30	8.78	0.83	0.002	4.98	0.20	0.04
50	550	0	0	3.55	15.57	13.42	3.83	3.82	0.95	7.85	3.90	0.45	8.64	0.83	0.003	4.97	0.29	0.06
50	500	0	0	4.98	21.89	18.88	5.38	5.36	1.33	11.03	5.49	0.64	8.62	0.83	0.004	4.96	0.41	0.08
50	450	0	0	6.52	28.63	24.70	7.00	6.98	1.73	14.42	7.23	0.85	8.51	0.83	0.005	4.94	0.54	0.11
50	400	0	0	7.55	33.09	28.56	8.09	8.06	1.99	16.65	8.38	1.00	8.42	0.83	0.006	4.90	0.63	0.13
50	350	0	0	7.68	33.76	29.13	8.26	8.24	2.02	16.97	8.55	1.01	8.45	0.83	0.006	4.90	0.65	0.13
50	300	0	0	6.74	29.56	25.51	7.23	7.21	1.76	14.88	7.47	0.88	8.50	0.83	0.005	4.92	0.56	0.11
50	250	0	0	5.17	22.61	19.50	5.57	5.56	1.36	11.38	5.67	0.66	8.55	0.83	0.004	4.95	0.43	0.09
50	200	0	0	3.48	15.29	13.19	3.77	3.76	0.92	7.71	3.82	0.44	8.66	0.83	0.003	4.97	0.29	0.06
50	150	0	0	2.42	10.57	9.11	2.61	2.60	0.64	5.35	2.62	0.30	8.72	0.83	0.002	4.96	0.20	0.04
50	100	0	0	1.67	7.29	6.28	1.81	1.80	0.44	3.69	1.80	0.20	8.90	0.83	0.001	5.02	0.14	0.03
50	50	0	0	1.34	5.88	5.06	1.46	1.46	0.36	2.98	1.44	0.16	9.07	0.83	0.001	5.04	0.11	0.02
50	0	0	0	0.94	4.09	3.52	1.03	1.03	0.25	2.08	0.99	0.10	9.45	0.83	0.001	5.19	0.07	0.01
100	0	0	0	0.93	4.05	3.48	1.02	1.02	0.25	2.05	0.98	0.10	9.47	0.83	0.001	5.12	0.07	0.01
100	50	0	0	1.29	5.62	4.84	1.40	1.40	0.34	2.85	1.37	0.15	9.12	0.83	0.001	5.05	0.10	0.02
100	100	0	0	1.97	8.65	7.46	2.14	2.13	0.52	4.37	2.14	0.24	8.84	0.83	0.001	5.02	0.16	0.03
100	150	0	0	3.76	16.50	14.24	4.05	4.03	0.98	8.33	4.14	0.48	8.59	0.83	0.003	4.95	0.31	0.06
100	200	0	0	5.48	23.98	20.69	5.85	5.83	1.42	12.11	6.04	0.71	8.54	0.83	0.004	4.94	0.45	0.09
100	250	0	0	10.34	45.37	39.19	10.97	10.94	2.66	22.85	11.58	1.39	8.35	0.83	0.008	4.88	0.87	0.18
100	300	0	0	14.35	63.06	54.48	15.23	15.19	3.70	31.70	16.18	1.95	8.32	0.83	0.011	4.89	1.22	0.25
100	350	0	0	17.06	74.85	64.65	18.16	18.10	4.44	37.60	19.15	2.28	8.38	0.83	0.013	4.87	1.45	0.30
100	400	0	0	16.35	71.95	62.14	17.48	17.43	4.28	36.08	18.44	2.21	8.34	0.83	0.013	4.89	1.40	0.29
100	450	0	0	13.19	58.03	50.10	14.13	14.09	3.48	29.13	14.81	1.77	8.38	0.83	0.010	4.89	1.12	0.23
100	500	0	0	9.34	40.96	35.36	9.98	9.95	2.47	20.61	10.40	1.23	8.47	0.83	0.007	4.95	0.79	0.16
100	550	0	0	5.89	25.87	22.31	6.35	6.33	1.58	13.02	6.52	0.77	8.50	0.83	0.004	4.91	0.49	0.10
100	600	0	0	3.63	15.92	13.73	3.92	3.91	0.98	8.02	3.99	0.46	8.61	0.83	0.003	4.96	0.30	0.06
100	650	0	0	2.29	10.00	8.61	2.48	2.47	0.62	5.05	2.48	0.28	8.77	0.83	0.002	4.99	0.19	0.04
100	700	0	0	1.47	6.41	5.51	1.61	1.60	0.40	3.23	1.57	0.17	9.02	0.83	0.001	5.04	0.12	0.02
100	750	0	0	1.16	5.06	4.36	1.28	1.27	0.32	2.56	1.23	0.13	9.18	0.83	0.001	5.08	0.09	0.02
100	800	0	0	0.79	3.42	2.94	0.87	0.86	0.22	1.73	0.83	0.09	9.65	0.83	0.001	5.16	0.06	0.01
150	800	0	0	0.75	3.23	2.78	0.82	0.82	0.21	1.64	0.78	0.08	9.78	0.83	0.001	5.20	0.06	0.01
150	750	0	0	1.01	4.40	3.78	1.11	1.11	0.28	2.22	1.07	0.11	9.39	0.83	0.001	5.10	0.08	0.02
150	700	0	0	1.56	6.83	5.87	1.71	1.71	0.43	3.44	1.67	0.19	8.98	0.83	0.001	5.05	0.13	0.02
150	650	0	0	3.06	13.42	11.57	3.32	3.31	0.83	6.77	3.35	0.39	8.69	0.83	0.002	4.96	0.25	0.05
150	600	0	0	5.37	23.53	20.29	5.79	5.78	1.45	11.84	5.91	0.69	8.58	0.83	0.004	4.95	0.44	0.09
150	550	0	0	9.61	42.20	36.42	10.32	10.29	2.58	21.21	10.70	1.26	8.48	0.83	0.007	4.92	0.81	0.16
150	500	0	0	16.36	71.92	62.10	17.50	17.45	4.33	36.04	18.43	2.22	8.29	0.83	0.013	4.87	1.40	0.29
150	450	0	0	24.52	107.75	93.09	25.99	25.92	6.41	54.09	27.74	3.35	8.29	0.83	0.019	4.86	2.10	0.43
150	400	0	0	30.96	136.02	117.53	32.81	32.71	8.05	68.22	35.09	4.26	8.24	0.83	0.024	4.85	2.66	0.55
150	350	0	0	32.04	140.68	121.56	33.91	33.80	8.28	70.58	36.30	4.43	8.19	0.83	0.025	4.84	2.75	0.57
150	300	0	0	27.41	120.45	104.09	29.05	28.96	7.06	60.48	31.02	3.75	8.27	0.83	0.021	4.86	2.35	0.48
150	250	0	0	19.52	85.70	74.07	20.59	20.53	4.99	43.11	22.06	2.66	8.30	0.83	0.015	4.86	1.67	0.34
150	200	0	0	11.14	48.91	42.26	11.78	11.75	2.85	24.64	12.52	1.50	8.34	0.83	0.009	4.86	0.95	0.19
150	150	0	0	5.87	25.77	22.24	6.27	6.25	1.52	13.01	6.51	0.77	8.50	0.83	0.004	4.95	0.49	0.10
150	100	0	0	3.22	14.09	12.15	3.46	3.45	0.84	7.12	3.52	0.41	8.58	0.83	0.002	4.94	0.27	0.05
150	50	0	0	1.86	8.16	7.03	2.03	2.02	0.49	4.12	2.02	0.23	8.77	0.83	0.001	4.96	0.15	0.03
150	0	0	0	1.42	6.19	5.33	1.54	1.54	0.38	3.13	1.52	0.17	8.94	0.83	0.001	5.02	0.11	0.02
200	0	0	0	1.28	5.57	4.79	1.39	1.39	0.34	2.82	1.36	0.15	9.04	0.83	0.001	5.07	0.10	0.02
200	50	0	0	1.84	8.04	6.92	2.00	1.99	0.49	4.06	1.98	0.22	8.82	0.83	0.001	4.99	0.15	0.03
200	100	0	0	4.18	18.29	15.78	4.49	4.47	1.09	9.24	4.58	0.53	8.63	0.83	0.003	4.97	0.34	0.07
200	150	0	0	8.55	37.54	32.42	9.06	9.04	2.20	18.95	9.55	1.13	8.44	0.83	0.007	4.90	0.72	0.15
200	200	0	0	17.27	75.90	65.62	18.14	18.09	4.40	38.26	19.55	2.36	8.28	0.83	0.013	4.85	1.48	0.31
200	250	0	0	29.97	131.87	114.00	31.53	31.43	7.67	66.34	34.10	4.15	8.21	0.83	0.023	4.83	2.59	0.54
200	300	0	0	41.30	181.36	156.85	42.97	42.84	10.54	91.52	47.01	5.70	8.25	0.83	0.032	4.83	3.56	0.74
200	350	0	0	47.82	210.28	181.89	49.70	49.55	12.24	106.09	54.64	6.67	8.20	0.83	0.037	4.82	4.14	0.86
200	400	0	0	46.88	205.97	178.09	49.01	48.86	12.09	103.75	53.36	6.47	8.24	0.83	0.036	4.86	4.05	0.83
200	450	0	0	38.17	167.34	144.62	40.15	40.03	9.95	84.13	43.18	5.24	8.25	0.83	0.029	4.85	3.27	0.67
200	500	0	0	25.19	110.59	95.53	26.75	26.66	6.65	55.48	28.44	3.45	8.25	0.83	0.019	4.85	2.15	0.44
200	550	0	0	14.16	62.15	53.66	15.13	15.08	3.78	31.16	15.90	1.92	8.28	0.83	0.011	4.87	1.20	0.25
200	600	0	0	7.40	32.49	28.03	7.99	7.96	2.00	16.31	8.22	0.98	8.42	0.83	0.006	4.91	0.62	0.13
200	650	0	0	3.86	16.92	14.58	4.20	4.18	1.05	8.50	4.23	0.50	8.54	0.83	0.003	4.93	0.32	0.06
200	700	0	0	2.19	9.59	8.26	2.39	2.39	0.60	4.84	2.37	0.27	8.76	0.83	0.002	4.97	0.18	0.04
200	750	0	0	1.32	5.77	4.97	1.46	1.46	0.37	2.91	1.41	0.16	9.04	0.83	0.001	5.03	0.11	0.02
200	800	0	0	1.02	4.47	3.84	1.13	1.13	0.28	2.25	1.08	0.12	9.32	0.83	0.001	5.11	0.08	0.02
250	800	0	0	0.90	3.91	3.36	0.99	0.99	0.25	1.97	0.94	0.10	9.47	0.83	0.001	5.16	0.07	0.01
250	750	0	0	1.21	5.29	4.55	1.34	1.34	0.34	2.67	1.28	0.14	9.18	0.83	0.001	5.08	0.10	0.02
250	700	0	0	1.98	8.66	7.46	2.17	2.16	0.54	4.36	2.14	0.24	8.82	0.83	0.001	5.00	0.16	0.03
250	650	0	0	4.50	19.71	17.00	4.86	4.85	1.22	9.93	4.94	0.58	8.53	0.83	0.003	4.94	0.37	0.08
250	600	0	0	8.93	39.32	33.93	9.60	9.57	2.41	19.78	9.98	1.18	8.47	0.83	0.007	4.94	0.75	0.15
250	550	0	0	17.94	78.84	68.10	19.05	19.00	4.77	39.61	20.23	2.43	8.32	0.83	0.014	4.87	1.53	0.31
250	500	0	0	31.65	139.26	120.32	33.48	33.38	8.34	69.93	35.94	4.35	8.25	0.83	0.024	4.84	2.72	0.56
250	450	0	0	46.92	206.25	178.34	48.95	48.81	12.14	103.98	53.47	6.48	8.26	0.83	0.036	4.85	4.05	0.84
250	400	0	0	56.18	247.37	214.08	57.74	57.57	14.30	125.24	64.57	7.85	8.23	0.83	0.044	4.83	4.90	1.01
250	350	0	0	56.82	250.25	216.67	57.89	57.72	14.34	126.97	65.57	8.02	8.17	0.83	0.044	4.81	4.98	1.03
250	300	0	0	50.25	221.18	191.42	51.64	51.48	12.73	112.00	57.70	7.03	8.20	0.83	0.039	4.82	4.38	0.91
250	250	0	0	37.50	164.79	142.55	38.92	38.80	9.52	83.24	42.75	5.21	8.20	0.83	0.029	4.81	3.24	0.67
250	200	0	0	21.93	96.46	83.40	23.02	22.95	5.59	48.60	24.91	3.02	8.26	0.83	0.017	4.85	1.89	0.39
250	150	0	0	10.45	45.95	39.71	11.02	10.99	2.67	23.19	11.77	1.41	8.37	0.83	0.008	4.89	0.89	0.18
250	100	0	0	4.85	21.23	18.32	5.20	5.18	1.26	10.72	5.33	0.62	8.56	0.83	0.004	4.95	0.40	0.08
250	50	0	0	2.42	10.58	9.11	2.62	2.62	0.64	5.34	2.62	0.30	8.71	0.83	0.002	4.95	0.20	0.04
250	0	0	0	1.42	6.19	5.33	1.55	1.54	0.38	3.13	1.52	0.17	8.95	0.83	0.001	5.02	0.11	0.02
300	0	0	0	1.43	6.23	5.37	1.56	1.55	0.38	3.15	1.53	0.17	8.90	0.83	0.001	5.01	0.11	0.02
300	50	0	0	1.94	8.51	7.33	2.12	2.11	0.52	4.30	2.10	0.24	8.77	0.83	0.001	4.98	0.16	0.03
300	100	0	0	4.92	21.54	18.59	5.27	5.26	1.28	10.87	5.41	0.63	8.57	0.83	0.004	4.93	0.41	0.08
300	150	0	0	10.80	47.33	40.91	11.32	11.28	2.75	23.90	12.15	1.46	8.31	0.83	0.008	4.88	0.92	0.19
300	200	0	0	22.81	100.18	86.64	23.77	23.70	5.78	50.53	25.95	3.16	8.22	0.83	0.018	4.85	1.97	0.41
300	250	0	0	39.04	171.59	148.45	40.39	40.27	9.90	86.75	44.57	5.42	8.23	0.83	0.030	4.83	3.38	0.70
300	300	0	0	52.46	231.08	200.03	53.69	53.52	13.25	117.16	60.39	7.37	8.20	0.83	0.041	4.82	4.58	0.95
300	350	0	0	58.21	256.82	222.39	59.23	59.05	14.67	130.38	67.39	8.27	8.15	0.83	0.045	4.82	5.12	1.06
300	400	0	0	57.19	251.87	218.01	58.55	58.37	14.50	127.62	65.88	8.07	8.17	0.83	0.045	4.81	5.00	1.04
300	450	0	0	48.35	212.68	183.97	50.09	49.94	12.42	107.39	55.35	6.73	8.22	0.83	0.038	4.83	4.20	0.87
300	500	0	0	32.99	145.32	125.60	34.71	34.61	8.65	73.05	37.67	4.59	8.20	0.83	0.026	4.82	2.86	0.59
300	550	0	0	18.74	82.26	71.04	19.89	19.83	5.00	41.32	21.11	2.54	8.30	0.83	0.014	4.85	1.60	0.33
300	600	0	0	9.31	40.78	35.20	9.92	9.89	2.50	20.51	10.37	1.24	8.40	0.83	0.007	4.88	0.78	0.16
300	650	0	0	4.67	20.45	17.63	5.04	5.03	1.27	10.29	5.13	0.60	8.53	0.83	0.004	4.90	0.39	0.08
300	700	0	0	2.50	10.94	9.43	2.71	2.70	0.68	5.52	2.72	0.31	8.68	0.83	0.002	4.96	0.20	0.04
300	750	0	0	1.47	6.41	5.52	1.61	1.61	0.40	3.23	1.57	0.18	8.94	0.83	0.001	5.03	0.12	0.02
300	800	0	0	1.16	5.06	4.35	1.28	1.27	0.32	2.55	1.23	0.13	9.22	0.83	0.001	5.08	0.09	0.02
350	800	0	0	0.93	4.02	3.46	1.02	1.02	0.26	2.03	0.97	0.10	9.30	0.83	0.001	5.07	0.07	0.01
350	750	0	0	1.15	5.01	4.31	1.26	1.26	0.32	2.53	1.22	0.13	9.23	0.83	0.001	5.08	0.09	0.02
350	700	0	0	1.91	8.36	7.20	2.08	2.08	0.52	4.21	2.07	0.23	8.82	0.83	0.001	4.99	0.16	0.03
350	650	0	0	4.27	18.75	16.16	4.63	4.62	1.17	9.44	4.69	0.55	8.54	0.83	0.003	4.92	0.35	0.07
350	600	0	0	8.21	36.10	31.15	8.81	8.79	2.22	18.14	9.17	1.09	8.39	0.83	0.006	4.90	0.69	0.14
350	550	0	0	16.18	71.25	61.53	17.21	17.16	4.32	35.78	18.31	2.21	8.29	0.83	0.012	4.85	1.39	0.29
350	500	0	0	28.77	126.71	109.52	30.23	30.14	7.57	63.76	32.80	3.98	8.24	0.83	0.022	4.85	2.49	0.51
350	450	0	0	42.42	186.49	161.33	43.84	43.70	10.91	94.24	48.55	5.91	8.21	0.83	0.033	4.82	3.69	0.76
350	400	0	0	51.87	228.48	197.72	53.30	53.13	13.21	115.72	59.63	7.29	8.18	0.83	0.040	4.81	4.52	0.94
350	350	0	0	53.60	235.59	203.90	54.80	54.64	13.56	119.43	61.52	7.51	8.19	0.83	0.042	4.83	4.67	0.97
350	300	0	0	46.84	205.94	178.20	48.18	48.03	11.88	104.26	53.65	6.57	8.17	0.83	0.036	4.82	4.07	0.84
350	250	0	0	33.62	148.00	128.04	34.83	34.72	8.52	74.74	38.54	4.72	8.17	0.83	0.026	4.82	2.92	0.61
350	200	0	0	19.42	84.87	73.41	20.05	19.99	4.89	42.92	21.97	2.67	8.24	0.83	0.015	4.85	1.66	0.34
350	150	0	0	9.19	40.25	34.78	9.64	9.61	2.35	20.36	10.28	1.24	8.32	0.83	0.007	4.88	0.78	0.16
350	100	0	0	4.40	19.23	16.59	4.69	4.68	1.14	9.72	4.83	0.56	8.55	0.83	0.003	4.91	0.36	0.07
350	50	0	0	2.30	10.06	8.67	2.48	2.48	0.61	5.09	2.49	0.29	8.68	0.83	0.002	4.95	0.19	0.04
350	0	0	0	1.35	5.91	5.09	1.47	1.47	0.36	2.99	1.45	0.16	8.97	0.83	0.001	5.01	0.11	0.02
400	0	0	0	1.28	5.58	4.80	1.39	1.39	0.34	2.83	1.37	0.15	8.98	0.83	0.001	5.00	0.10	0.02
400	50	0	0	1.66	7.27	6.26	1.80	1.80	0.44	3.68	1.79	0.20	8.84	0.83	0.001	4.98	0.13	0.03
400	100	0	0	3.52	15.43	13.31	3.76	3.75	0.92	7.81	3.87	0.45	8.53	0.83	0.003	4.92	0.29	0.06
400	150	0	0	5.63	24.68	21.30	5.98	5.96	1.46	12.49	6.23	0.73	8.51	0.83	0.004	4.93	0.47	0.10
400	200	0	0	13.35	58.70	50.76	13.89	13.84	3.39	29.71	15.15	1.83	8.28	0.83	0.010	4.83	1.15	0.24
400	250	0	0	23.72	104.11	90.07	24.48	24.40	6.01	52.67	27.04	3.31	8.17	0.83	0.018	4.80	2.05	0.43
400	300	0	0	33.80	148.90	128.86	34.82	34.71	8.58	75.30	38.88	4.76	8.17	0.83	0.026	4.82	2.95	0.61
400	350	0	0	39.91	175.54	151.92	40.97	40.85	10.16	88.90	45.80	5.59	8.19	0.83	0.031	4.80	3.47	0.72
400	400	0	0	38.78	170.56	147.58	39.97	39.85	9.95	86.28	44.43	5.42	8.20	0.83	0.030	4.84	3.37	0.70
400	450	0	0	30.84	135.97	117.58	32.15	32.05	8.02	68.57	35.34	4.32	8.18	0.83	0.024	4.82	2.68	0.56
400	500	0	0	20.74	91.44	79.01	21.88	21.82	5.50	46.04	23.57	2.84	8.30	0.83	0.016	4.86	1.79	0.37
400	550	0	0	11.92	52.34	45.20	12.63	12.59	3.18	26.33	13.41	1.61	8.30	0.83	0.009	4.87	1.01	0.21
400	600	0	0	6.39	28.02	24.17	6.86	6.84	1.72	14.11	7.08	0.84	8.44	0.83	0.005	4.89	0.53	0.11
400	650	0	0	3.44	15.11	13.02	3.75	3.74	0.94	7.60	3.77	0.44	8.54	0.83	0.003	4.93	0.28	0.06
400	700	0	0	2.03	8.89	7.65	2.21	2.20	0.55	4.49	2.19	0.25	8.78	0.83	0.002	4.98	0.16	0.03
400	750	0	0	1.26	5.51	4.74	1.39	1.38	0.35	2.78	1.34	0.15	9.11	0.83	0.001	5.06	0.10	0.02
400	800	0	0	1.01	4.39	3.77	1.11	1.11	0.28	2.22	1.06	0.11	9.31	0.83	0.001	5.10	0.08	0.02
450	800	0	0	0.78	3.38	2.91	0.86	0.86	0.21	1.71	0.81	0.08	9.65	0.83	0.001	5.12	0.06	0.01
450	750	0	0	0.93	4.03	3.47	1.02	1.02	0.26	2.04	0.98	0.10	9.41	0.83	0.001	5.12	0.07	0.01
450	700	0	0	1.40	6.12	5.27	1.54	1.53	0.38	3.09	1.50	0.17	9.05	0.83	0.001	5.06	0.11	0.02
450	650	0	0	2.61	11.41	9.83	2.83	2.82	0.71	5.75	2.83	0.33	8.68	0.83	0.002	4.98	0.21	0.04
450	600	0	0	4.42	19.34	16.68	4.75	4.74	1.19	9.75	4.85	0.57	8.49	0.83	0.003	4.92	0.37	0.07
450	550	0	0	7.64	33.51	28.92	8.14	8.11	2.04	16.87	8.53	1.02	8.37	0.83	0.006	4.88	0.65	0.13
450	500	0	0	12.50	55.03	47.54	13.21	13.17	3.32	27.72	14.14	1.70	8.31	0.83	0.010	4.87	1.07	0.22
450	450	0	0	18.07	79.24	68.50	18.85	18.79	4.72	39.99	20.46	2.49	8.23	0.83	0.014	4.85	1.55	0.32
450	400	0	0	22.28	98.30	84.99	23.30	23.23	5.81	49.63	25.45	3.08	8.26	0.83	0.017	4.87	1.93	0.40
450	350	0	0	23.00	100.94	87.29	23.83	23.75	5.91	51.02	26.16	3.18	8.22	0.83	0.018	4.84	1.98	0.41
450	300	0	0	19.37	85.23	73.72	20.06	20.00	4.95	43.15	22.08	2.68	8.24	0.83	0.015	4.82	1.67	0.35
450	250	0	0	13.49	59.22	51.20	14.04	14.00	3.45	29.95	15.27	1.86	8.23	0.83	0.010	4.82	1.16	0.24
450	200	0	0	7.96	34.95	30.19	8.35	8.32	2.04	17.67	8.95	1.08	8.27	0.83	0.006	4.92	0.68	0.14
450	150	0	0	4.46	19.58	16.89	4.74	4.73	1.16	9.91	4.93	0.57	8.61	0.83	0.003	4.94	0.37	0.08
450	100	0	0	2.60	11.36	9.80	2.77	2.76	0.68	5.76	2.84	0.33	8.55	0.83	0.002	4.91	0.21	0.04
450	50	0	0	1.61	7.02	6.05	1.73	1.72	0.42	3.56	1.74	0.20	8.79	0.83	0.001	4.97	0.13	0.03
450	0	0	0	1.24	5.41	4.66	1.34	1.34	0.33	2.74	1.32	0.15	9.02	0.83	0.001	4.93	0.10	0.02
500	0	0	0	0.93	4.04	3.47	1.01	1.01	0.25	2.05	0.98	0.11	9.21	0.83	0.001	5.05	0.07	0.01
500	50	0	0	1.06	4.62	3.98	1.15	1.15	0.28	2.35	1.13	0.12	9.10	0.83	0.001	5.01	0.08	0.02
500	100	0	0	1.58	6.93	5.97	1.71	1.70	0.42	3.51	1.71	0.19	8.85	0.83	0.001	4.99	0.13	0.03
500	150	0	0	2.85	12.48	10.77	3.03	3.03	0.74	6.32	3.13	0.37	8.50	0.83	0.002	4.92	0.24	0.05
500	200	0	0	4.52	19.85	17.13	4.79	4.77	1.17	10.06	5.01	0.59	8.50	0.83	0.003	4.92	0.38	0.08
500	250	0	0	6.94	30.69	26.51	7.35	7.32	1.80	15.53	7.84	0.94	8.32	0.83	0.005	4.86	0.59	0.12
500	300	0	0	9.57	41.81	36.13	9.96	9.93	2.46	21.17	10.71	1.27	8.45	0.83	0.007	5.00	0.81	0.16
500	350	0	0	10.97	48.19	41.66	11.44	11.41	2.83	24.39	12.40	1.50	8.28	0.83	0.008	4.85	0.94	0.19
500	400	0	0	10.71	46.93	40.55	11.15	11.12	2.77	23.76	12.05	1.46	8.28	0.83	0.008	4.83	0.91	0.19
500	450	0	0	9.12	39.99	34.54	9.59	9.56	2.39	20.22	10.22	1.23	8.34	0.83	0.007	4.86	0.77	0.16
500	500	0	0	6.73	29.55	25.51	7.15	7.13	1.79	14.91	7.51	0.90	8.39	0.83	0.005	4.89	0.57	0.12
500	550	0	0	4.54	19.88	17.14	4.86	4.84	1.22	10.04	5.00	0.59	8.49	0.83	0.003	4.93	0.38	0.08
500	600	0	0	2.91	12.75	10.98	3.14	3.13	0.79	6.43	3.18	0.37	8.60	0.83	0.002	4.91	0.24	0.05
500	650	0	0	1.88	8.24	7.09	2.05	2.04	0.51	4.16	2.04	0.23	8.71	0.83	0.001	4.97	0.15	0.03
500	700	0	0	1.49	6.49	5.59	1.62	1.62	0.41	3.28	1.59	0.18	8.89	0.83	0.001	4.99	0.12	0.02
500	750	0	0	1.01	4.39	3.78	1.11	1.11	0.28	2.22	1.06	0.12	9.21	0.83	0.001	5.06	0.08	0.02
500	800	0	0	0.72	3.14	2.70	0.80	0.80	0.20	1.59	0.76	0.08	9.59	0.83	0.001	5.16	0.06	0.01
550	800	0	0	0.58	2.52	2.16	0.64	0.64	0.16	1.27	0.60	0.06	10.13	0.83	0.000	5.33	0.05	0.01
550	750	0	0	0.65	2.81	2.41	0.71	0.71	0.18	1.42	0.68	0.07	9.62	0.83	0.000	5.49	0.05	0.01
550	700	0	0	0.87	3.79	3.26	0.96	0.96	0.24	1.92	0.92	0.10	9.40	0.83	0.001	5.12	0.07	0.01
550	650	0	0	1.18	5.19	4.47	1.30	1.30	0.33	2.63	1.26	0.14	9.19	0.83	0.001	5.06	0.10	0.02
550	600	0	0	1.67	7.29	6.27	1.81	1.81	0.45	3.68	1.80	0.20	8.81	0.83	0.001	4.97	0.14	0.03
550	550	0	0	2.68	11.74	10.12	2.88	2.87	0.72	5.94	2.93	0.35	8.48	0.83	0.002	4.84	0.22	0.05
550	500	0	0	3.64	15.86	13.68	3.87	3.86	0.96	8.02	3.99	0.47	8.54	0.83	0.003	4.99	0.30	0.06
550	450	0	0	4.58	19.84	17.12	4.79	4.78	1.19	10.05	5.01	0.60	8.40	0.83	0.003	5.02	0.38	0.07
550	400	0	0	5.04	22.23	19.18	5.35	5.33	1.32	11.27	5.63	0.66	8.49	0.83	0.004	4.93	0.43	0.09
550	350	0	0	5.05	22.33	19.28	5.36	5.34	1.32	11.33	5.66	0.67	8.43	0.83	0.004	4.88	0.43	0.09
550	300	0	0	4.49	19.83	17.12	4.77	4.76	1.17	10.06	5.01	0.58	8.63	0.83	0.003	4.94	0.38	0.08
550	250	0	0	3.50	15.64	13.50	3.78	3.76	0.93	7.93	3.95	0.47	8.46	0.83	0.003	4.90	0.30	0.06
550	200	0	0	2.66	11.46	9.89	2.78	2.77	0.68	5.81	2.87	0.34	8.51	0.83	0.002	4.89	0.22	0.04
550	150	0	0	1.84	8.09	6.97	1.99	1.98	0.49	4.10	2.01	0.23	8.62	0.83	0.001	4.87	0.15	0.03
550	100	0	0	1.50	6.60	5.68	1.63	1.62	0.40	3.34	1.63	0.19	8.75	0.83	0.001	4.97	0.12	0.02
550	50	0	0	1.09	4.73	4.07	1.17	1.17	0.29	2.40	1.16	0.13	8.86	0.83	0.001	4.96	0.09	0.02
550	0	0	0	0.79	3.44	2.96	0.86	0.86	0.21	1.75	0.84	0.09	9.64	0.83	0.001	5.12	0.06	0.01
